2 0.638220 0.315103 0.594580 0.139007 0.562361 0.095446 0.522282 0.087871 0.451452 0.088517 0.399625 0.092141 0.338058 0.104865 0.248182 0.129946 0.199793 0.151929 0.174364 0.174657 0.143444 0.239276 0.102122 0.365121 0.167689 0.348006 0.212982 0.340531 0.374260 0.322988 0.459209 0.317048 0.638220 0.315103
3 0.649438 0.537127 0.728347 0.531609 0.755093 0.438110 0.736066 0.404002 0.692536 0.377873 0.666003 0.356821 0.635378 0.336056 0.603931 0.390335 0.560543 0.455825 0.497659 0.539322 0.649438 0.537127
3 0.073196 0.427447 0.065590 0.525874 0.126322 0.532004 0.101768 0.388053 0.073196 0.427447
11 0.533831 0.311830 0.426237 0.321508 0.322583 0.328756 0.171781 0.347720 0.102258 0.367070 0.106032 0.421039 0.126472 0.534147 0.300107 0.544913 0.400241 0.546134 0.487483 0.542187 0.537484 0.484457 0.639814 0.337899 0.638220 0.315103 0.533831 0.311830
0 0.243605 0.809264 0.397459 0.833943 0.468848 0.841286 0.478166 0.826146 0.496090 0.816473 0.523472 0.818866 0.551804 0.837639 0.624078 0.857646 0.678426 0.862068 0.719640 0.855075 0.739820 0.816072 0.752185 0.754904 0.760444 0.693828 0.780165 0.617462 0.786731 0.562965 0.766569 0.543425 0.734146 0.524938 0.666194 0.535955 0.620121 0.535066 0.483196 0.542487 0.337802 0.546388 0.258321 0.543723 0.061154 0.524030 0.046156 0.606332 0.046846 0.675005 0.058803 0.728403 0.092729 0.765580 0.141486 0.776855 0.172751 0.778780 0.243605 0.809264
9 0.948948 0.262049 0.937314 0.244066 0.913796 0.235334 0.887344 0.243449 0.897594 0.303231 0.942795 0.291652 0.948948 0.262049
1 0.738624 0.331381 0.823883 0.509070 0.840386 0.658282 0.880584 0.558360 0.859824 0.370679 0.749921 0.081351 0.704404 0.071612 0.680626 0.078757 0.674736 0.081322 0.686107 0.210336 0.738624 0.331381
5 0.910834 0.503773 0.908869 0.366466 0.882528 0.272567 0.816430 0.142094 0.780881 0.101311 0.759501 0.086751 0.751807 0.085918 0.862022 0.371308 0.882002 0.559044 0.910834 0.503773
12 0.747081 0.947918 0.799509 0.933288 0.807365 0.928039 0.811207 0.926988 0.831265 0.886231 0.838143 0.827797 0.840090 0.763246 0.833768 0.672842 0.816938 0.602947 0.799209 0.584608 0.765292 0.662358 0.749607 0.813234 0.719762 0.856828 0.681063 0.866191 0.695482 0.929598 0.747081 0.947918
12 0.895116 0.564588 0.902248 0.588171 0.926212 0.586495 0.940497 0.572378 0.938436 0.433708 0.929268 0.394995 0.923195 0.417348 0.915430 0.510696 0.916912 0.515095 0.908869 0.542872 0.895116 0.564588
12 0.234103 0.807774 0.167645 0.778550 0.134762 0.778696 0.105966 0.772878 0.103673 0.770884 0.117533 0.798305 0.166372 0.838746 0.207527 0.833715 0.234103 0.807774
