2 0.366016 0.094531 0.274609 0.113281 0.224805 0.131836 0.197852 0.152734 0.162500 0.215039 0.112500 0.337695 0.179102 0.325195 0.224805 0.320898 0.386914 0.314648 0.472070 0.314648 0.650781 0.325195 0.619531 0.146484 0.590430 0.100781 0.550977 0.090430 0.480273 0.086133 0.428320 0.086133 0.366016 0.094531
3 0.646484 0.547461 0.725586 0.547461 0.758789 0.456055 0.742188 0.420703 0.700586 0.391602 0.675586 0.368750 0.646484 0.345898 0.611328 0.397852 0.563477 0.460156 0.494922 0.539062 0.646484 0.547461
3 0.125000 0.505859 0.110547 0.360547 0.079297 0.397852 0.064844 0.495508 0.125000 0.505859
11 0.183203 0.325195 0.112500 0.339648 0.112500 0.393750 0.125000 0.508008 0.297461 0.530859 0.397266 0.539062 0.484570 0.541211 0.538477 0.487109 0.650781 0.348047 0.650781 0.325195 0.546875 0.314648 0.438867 0.316797 0.334961 0.316797 0.183203 0.325195
0 0.480273 0.541211 0.334961 0.534961 0.255859 0.526758 0.060547 0.493359 0.039844 0.574414 0.035742 0.642969 0.043945 0.697070 0.075195 0.736523 0.123047 0.751172 0.154102 0.755273 0.222656 0.790625 0.374414 0.825977 0.445117 0.838281 0.455469 0.823828 0.474023 0.815430 0.501172 0.819727 0.528125 0.840430 0.598828 0.865430 0.652734 0.873633 0.694336 0.869531 0.717187 0.832031 0.733789 0.771875 0.746289 0.711523 0.771289 0.636719 0.781641 0.582812 0.762891 0.561914 0.731836 0.541211 0.663281 0.547461 0.617383 0.543359 0.480273 0.541211
9 0.931250 0.264844 0.904297 0.271094 0.910352 0.331445 0.956250 0.323047 0.964453 0.293945 0.954102 0.275195 0.931250 0.264844
1 0.749805 0.348438 0.822461 0.531641 0.828516 0.681641 0.875586 0.584766 0.867969 0.396094 0.778516 0.099805 0.733789 0.086914 0.709570 0.092383 0.703516 0.094531 0.705859 0.224023 0.749805 0.348438
5 0.876953 0.585547 0.909570 0.532422 0.917188 0.395313 0.897461 0.299805 0.840625 0.165039 0.808008 0.121875 0.787695 0.105859 0.780078 0.104492 0.870117 0.396875 0.876953 0.585547
12 0.814453 0.850586 0.820898 0.786328 0.820898 0.695703 0.808984 0.624805 0.792578 0.605273 0.753320 0.680469 0.727148 0.829883 0.694336 0.871289 0.655078 0.877930 0.665039 0.942187 0.715234 0.964063 0.768555 0.953125 0.776758 0.948438 0.780664 0.947656 0.803516 0.908398 0.814453 0.850586
12 0.889648 0.591992 0.895117 0.616016 0.919141 0.616016 0.934375 0.602930 0.941992 0.464453 0.935547 0.425195 0.927930 0.447070 0.913672 0.539648 0.914844 0.544141 0.904883 0.571289 0.889648 0.591992
12 0.143555 0.814648 0.184961 0.812500 0.213281 0.788477 0.149023 0.754687 0.116211 0.752539 0.087891 0.744727 0.085742 0.742578 0.097656 0.770898 0.143555 0.814648
