2 0.506459 0.120488 0.377728 0.132644 0.239865 0.160684 0.160734 0.181374 0.153514 0.202361 0.127053 0.285072 0.105695 0.365872 0.101005 0.410945 0.256971 0.400051 0.303641 0.393771 0.333831 0.383921 0.359971 0.387851 0.413531 0.383596 0.590057 0.360918 0.666537 0.354255 0.682269 0.298398 0.625226 0.155531 0.607126 0.123458 0.506459 0.120488
3 0.645513 0.451320 0.629269 0.578912 0.674171 0.568890 0.745808 0.542311 0.765552 0.522758 0.768241 0.458649 0.762390 0.416058 0.753419 0.383026 0.711843 0.308840 0.683629 0.298255 0.667897 0.354112 0.645513 0.451320
3 0.076139 0.497613 0.078720 0.535244 0.089173 0.569299 0.100763 0.589880 0.153900 0.605898 0.106881 0.493007 0.100079 0.454444 0.100646 0.420606 0.100734 0.384068 0.089054 0.414951 0.080163 0.459287 0.076139 0.497613
11 0.217515 0.695442 0.351999 0.698786 0.520845 0.694590 0.575499 0.687668 0.599444 0.668851 0.617802 0.624894 0.627121 0.584637 0.658169 0.390484 0.670473 0.352466 0.635510 0.356141 0.615503 0.358244 0.397317 0.382551 0.354246 0.385703 0.329752 0.384350 0.305000 0.393628 0.151109 0.411178 0.102457 0.413542 0.100079 0.454444 0.112746 0.511440 0.151815 0.604743 0.168287 0.653090 0.188492 0.690244 0.217515 0.695442
0 0.589136 0.886550 0.636680 0.907280 0.682705 0.907942 0.752867 0.904691 0.800038 0.890110 0.840435 0.861512 0.833203 0.818871 0.827056 0.709932 0.833791 0.592766 0.841371 0.562118 0.817759 0.542997 0.768437 0.512831 0.764315 0.524066 0.747025 0.540809 0.678107 0.567102 0.627910 0.579055 0.609507 0.648743 0.593340 0.676169 0.567657 0.689670 0.500787 0.698073 0.325194 0.701603 0.245014 0.699229 0.186058 0.693249 0.149821 0.606327 0.095181 0.589092 0.087092 0.607421 0.081565 0.644530 0.094697 0.743308 0.104261 0.770779 0.102020 0.788690 0.106625 0.819431 0.113738 0.834787 0.106995 0.873399 0.144819 0.885724 0.184647 0.890964 0.218151 0.875267 0.337514 0.889823 0.516541 0.892806 0.589136 0.886550
9 0.862795 0.263320 0.865535 0.321163 0.878976 0.338800 0.880452 0.315471 0.913076 0.302616 0.916863 0.275116 0.900140 0.258020 0.874552 0.259335 0.862795 0.263320
12 0.940051 0.521896 0.935559 0.479162 0.926403 0.455576 0.900379 0.428460 0.902509 0.473013 0.903469 0.547540 0.911729 0.613051 0.934214 0.582211 0.940051 0.521896
12 0.842477 0.877205 0.852298 0.897776 0.862688 0.877045 0.861177 0.801005 0.844240 0.652941 0.835656 0.631062 0.832424 0.637686 0.828549 0.709186 0.834964 0.805724 0.842477 0.877205
1 0.769993 0.305282 0.812150 0.386869 0.852731 0.548748 0.861286 0.688070 0.886436 0.615316 0.861839 0.424263 0.820496 0.299974 0.741073 0.101132 0.708227 0.093193 0.692218 0.094090 0.687668 0.093783 0.769993 0.305282
5 0.886277 0.395182 0.833358 0.226154 0.787285 0.142819 0.744682 0.099967 0.742351 0.100212 0.863250 0.422740 0.887664 0.612045 0.898722 0.565910 0.886277 0.395182
