1 0.174590 0.326474 0.244662 0.307845 0.391549 0.274816 0.481035 0.259553 0.615534 0.248848 0.704454 0.245317 0.687894 0.128884 0.639534 0.122495 0.528214 0.106747 0.472607 0.090372 0.363947 0.123242 0.312490 0.154294 0.177870 0.200055 0.170001 0.274021 0.174590 0.326474
5 0.707709 0.246094 0.642693 0.249658 0.421316 0.269026 0.185680 0.325749 0.172648 0.340695 0.183761 0.376660 0.253777 0.430239 0.321743 0.460400 0.597925 0.411812 0.722475 0.396667 0.728906 0.379112 0.707709 0.246094
3 0.389883 0.019022 0.352025 0.023396 0.251152 0.090631 0.314614 0.051095 0.379354 0.044369 0.389883 0.019022
7 0.451416 0.558440 0.417917 0.558000 0.470083 0.717168 0.507190 0.722417 0.451416 0.558440
7 0.646147 0.598751 0.647097 0.573180 0.501989 0.590123 0.500763 0.612532 0.511634 0.627511 0.530411 0.641798 0.551742 0.721706 0.594819 0.704131 0.593385 0.633103 0.616458 0.623650 0.646147 0.598751
7 0.501240 0.964010 0.477131 0.979841 0.520478 0.983567 0.539743 0.967013 0.501240 0.964010
7 0.577495 0.979640 0.570513 0.995741 0.624697 0.991000 0.624089 0.984060 0.577495 0.979640
8 0.501055 0.961902 0.496062 0.923045 0.464049 0.702828 0.413374 0.560707 0.423060 0.543929 0.374147 0.531217 0.393436 0.605993 0.404842 0.772789 0.426067 0.869698 0.402233 0.888667 0.446739 0.960282 0.484491 0.972909 0.501055 0.961902
6 0.385926 0.574790 0.359191 0.505975 0.206353 0.416334 0.194966 0.468306 0.234107 0.715359 0.380422 0.839707 0.415749 0.861042 0.389139 0.629732 0.385926 0.574790
4 0.796693 0.975953 0.821747 0.966767 0.811489 0.758452 0.788871 0.536351 0.654450 0.566165 0.650730 0.687557 0.537589 0.742060 0.555679 0.803134 0.569489 0.979196 0.666507 0.977163 0.681570 0.986025 0.796693 0.975953
