1 0.723138 0.344251 0.732070 0.434071 0.733360 0.568223 0.730695 0.656667 0.847332 0.648317 0.857024 0.600792 0.880366 0.491466 0.900465 0.437446 0.875398 0.327387 0.848167 0.274192 0.812113 0.137490 0.739293 0.124554 0.686947 0.125468 0.700565 0.196264 0.723138 0.344251
5 0.726816 0.374179 0.686897 0.136519 0.672976 0.122555 0.636532 0.131084 0.578531 0.196816 0.543900 0.262140 0.572938 0.539453 0.579322 0.664045 0.596288 0.671641 0.729698 0.659841 0.730673 0.595105 0.726816 0.374179
3 0.915568 0.217767 0.950382 0.283458 0.952563 0.348139 0.976974 0.360341 0.975262 0.322487 0.915568 0.217767
7 0.278924 0.391468 0.271143 0.427910 0.437660 0.383962 0.440420 0.350765 0.278924 0.391468
7 0.402726 0.431927 0.380583 0.429157 0.364972 0.438900 0.349498 0.456534 0.268759 0.472150 0.283203 0.516097 0.353755 0.519601 0.361531 0.543143 0.384169 0.574318 0.409467 0.577034 0.402726 0.431927
7 0.011188 0.422976 0.026271 0.443234 0.031921 0.405251 0.017891 0.380239 0.011188 0.422976
7 0.000000 0.504363 0.000374 0.525769 0.003513 0.525714 0.011128 0.479804 0.000000 0.474025 0.000000 0.504363
8 0.293566 0.386477 0.438050 0.346070 0.454020 0.356841 0.470022 0.309206 0.394514 0.323152 0.228278 0.322897 0.130683 0.337229 0.113520 0.312272 0.039399 0.351450 0.024256 0.388021 0.034025 0.405214 0.072913 0.402957 0.293566 0.386477
6 0.595612 0.150740 0.544851 0.135841 0.297085 0.157530 0.163596 0.294034 0.139984 0.327595 0.371265 0.317244 0.425985 0.317868 0.496096 0.296123 0.595612 0.150740
4 0.023665 0.723314 0.214294 0.727243 0.436164 0.720213 0.415915 0.584814 0.295765 0.572704 0.249552 0.456700 0.187717 0.470408 0.012124 0.471894 0.007412 0.568266 0.005050 0.571707 0.023665 0.723314
