1 0.826668 0.689541 0.842079 0.643551 0.878571 0.537885 0.905103 0.486717 0.893636 0.374423 0.873091 0.318306 0.853966 0.178229 0.783264 0.156515 0.731197 0.151043 0.736086 0.222971 0.740455 0.372606 0.738375 0.462845 0.723306 0.596154 0.709883 0.683614 0.826668 0.689541
5 0.729801 0.162005 0.717685 0.146449 0.680474 0.150473 0.614894 0.208646 0.572560 0.269263 0.567587 0.548048 0.558738 0.672489 0.574652 0.682096 0.708507 0.686643 0.717363 0.622508 0.740459 0.402759 0.729801 0.162005
3 0.946866 0.270516 0.973415 0.339960 0.967697 0.404425 0.990439 0.419511 0.993353 0.381730 0.946866 0.270516
7 0.452266 0.377229 0.459052 0.344616 0.293798 0.365335 0.281635 0.400557 0.452266 0.377229
7 0.411747 0.420580 0.390107 0.415131 0.373424 0.422900 0.355917 0.438517 0.273877 0.444177 0.282858 0.489556 0.352457 0.501632 0.357305 0.525946 0.375975 0.559648 0.400754 0.565426 0.411747 0.420580
7 0.046957 0.348912 0.036079 0.322377 0.024219 0.363979 0.036721 0.385924 0.046957 0.348912
7 0.017233 0.420376 0.006396 0.412944 0.000957 0.464688 0.004080 0.465016 0.017233 0.420376
8 0.471809 0.352305 0.493497 0.306975 0.416853 0.311615 0.251887 0.291103 0.153273 0.293434 0.139279 0.266571 0.060936 0.296424 0.041449 0.330877 0.049049 0.349132 0.087923 0.351631 0.308940 0.362165 0.457272 0.339668 0.471809 0.352305
6 0.448733 0.310205 0.520972 0.297167 0.637464 0.164996 0.588897 0.144021 0.340334 0.135353 0.191205 0.254572 0.163678 0.285005 0.394497 0.302918 0.448733 0.310205
4 0.000000 0.663599 0.188730 0.690730 0.409803 0.710792 0.406206 0.573934 0.288426 0.547272 0.256695 0.426501 0.193651 0.432571 0.019186 0.412647 0.002764 0.507726 0.000000 0.510854 0.000000 0.663599
