1 0.440457 0.743734 0.356935 0.729495 0.219840 0.698685 0.154439 0.681308 0.150159 0.730220 0.157509 0.799195 0.283156 0.841877 0.331185 0.870837 0.432603 0.901497 0.484501 0.886231 0.588398 0.871554 0.633533 0.865599 0.648980 0.757026 0.565989 0.753727 0.440457 0.743734
5 0.162994 0.634510 0.152625 0.668046 0.164789 0.681985 0.384718 0.734897 0.591337 0.752973 0.652018 0.756302 0.671793 0.632262 0.665789 0.615892 0.549542 0.601760 0.291771 0.556431 0.228338 0.584552 0.162994 0.634510
3 0.320065 0.963944 0.355399 0.968026 0.345570 0.944389 0.285147 0.938112 0.225913 0.901240 0.320065 0.963944
7 0.381526 0.465425 0.412791 0.465017 0.464834 0.312110 0.430202 0.317003 0.381526 0.465425
7 0.595424 0.451286 0.594536 0.427441 0.566824 0.404220 0.545289 0.395403 0.546622 0.329169 0.506416 0.312777 0.486513 0.387290 0.468989 0.400612 0.458844 0.414579 0.459990 0.435476 0.595424 0.451286
7 0.436761 0.072058 0.459263 0.086822 0.495199 0.084024 0.477217 0.068587 0.436761 0.072058
7 0.573921 0.068134 0.574695 0.059289 0.631207 0.059282 0.519294 0.046591 0.530434 0.072252 0.573921 0.068134
8 0.366863 0.157073 0.389109 0.174764 0.369306 0.265131 0.358673 0.420670 0.340675 0.490397 0.386326 0.478546 0.377285 0.462901 0.424571 0.330375 0.454434 0.125022 0.459091 0.088788 0.443631 0.078522 0.408397 0.090295 0.366863 0.157073
6 0.326719 0.513934 0.351666 0.449766 0.354661 0.398532 0.379480 0.182835 0.346510 0.202727 0.209959 0.318672 0.173445 0.549050 0.184077 0.597515 0.326719 0.513934
4 0.493205 0.293796 0.598806 0.344628 0.602287 0.457828 0.727748 0.485640 0.748842 0.278530 0.758401 0.084274 0.658976 0.047847 0.613511 0.074569 0.522962 0.072666 0.510085 0.236844 0.493205 0.293796
