1 0.425720 0.199312 0.570693 0.211522 0.662506 0.222181 0.707149 0.217789 0.675659 0.111530 0.618542 0.118648 0.529285 0.098164 0.471739 0.065874 0.342540 0.077527 0.328807 0.092233 0.176271 0.108498 0.152942 0.156512 0.135037 0.210911 0.239891 0.198958 0.335767 0.199951 0.425720 0.199312
6 0.311766 0.558760 0.312903 0.460977 0.284016 0.402429 0.154784 0.312931 0.124059 0.460305 0.122159 0.594344 0.134958 0.632024 0.237622 0.756866 0.276246 0.795242 0.286223 0.743807 0.311766 0.558760
5 0.448006 0.364153 0.632576 0.376487 0.716188 0.378210 0.743273 0.366926 0.709848 0.221101 0.601602 0.221835 0.466510 0.202590 0.347717 0.202216 0.185577 0.208389 0.144053 0.212099 0.139332 0.257021 0.214406 0.325470 0.271008 0.366745 0.367303 0.363745 0.448006 0.364153
8 0.398674 0.746542 0.404025 0.695630 0.373949 0.474458 0.325024 0.447111 0.307505 0.454354 0.326091 0.523931 0.292041 0.746437 0.285745 0.806333 0.261369 0.820830 0.290178 0.894609 0.310368 0.919945 0.341382 0.929261 0.373303 0.915458 0.398674 0.746542
7 0.410361 0.490397 0.370640 0.476955 0.403979 0.638094 0.438712 0.670006 0.455249 0.657613 0.433792 0.600856 0.410361 0.490397
7 0.381476 0.953661 0.400607 0.945579 0.363880 0.932635 0.334523 0.936541 0.381476 0.953661
7 0.680773 0.613693 0.684197 0.566616 0.519636 0.552348 0.515350 0.593119 0.621175 0.658904 0.680773 0.613693
7 0.583116 1.000000 0.588934 0.994643 0.534965 0.971812 0.457381 0.970723 0.436885 0.991783 0.520816 1.000000 0.583116 1.000000
4 0.704036 1.000000 0.740823 0.897564 0.795559 0.724670 0.804565 0.552016 0.744358 0.530548 0.647881 0.506278 0.575896 0.466414 0.501326 0.465641 0.458610 0.466198 0.409169 0.487244 0.454267 0.652464 0.442603 0.676470 0.469907 0.706591 0.568462 0.783564 0.533974 0.923261 0.399108 0.945348 0.368896 0.957385 0.413615 0.981262 0.448625 0.996044 0.478410 1.000000 0.704036 1.000000
3 0.310460 0.020372 0.362607 0.017059 0.391447 0.018072 0.399363 0.000736 0.371610 0.003875 0.347606 0.000343 0.310460 0.020372
