9 0.293373 0.438559 0.294127 0.468709 0.322576 0.482701 0.395950 0.494744 0.383725 0.464443 0.360379 0.461227 0.351689 0.445105 0.330467 0.432323 0.293373 0.438559
12 0.598650 0.807825 0.589410 0.752681 0.574459 0.701759 0.546776 0.635937 0.527473 0.622461 0.519448 0.621738 0.519519 0.623239 0.503396 0.620292 0.503611 0.624796 0.495656 0.625574 0.495370 0.619569 0.487344 0.618847 0.487702 0.626353 0.480210 0.632793 0.479319 0.618124 0.126184 0.586318 0.104099 0.597849 0.094089 0.630682 0.092564 0.688509 0.097564 0.713082 0.102563 0.737655 0.121863 0.769205 0.157388 0.775409 0.177349 0.773444 0.187964 0.752724 0.197975 0.719890 0.436444 0.739182 0.447149 0.800200 0.472711 0.857514 0.516066 0.886078 0.555279 0.897387 0.602986 0.879468 0.634932 0.817067 0.598650 0.807825
6 0.373172 0.403387 0.415053 0.489982 0.443503 0.494937 0.567414 0.491368 0.727606 0.506078 0.579458 0.376267 0.542468 0.364189 0.454945 0.349649 0.429324 0.347000 0.378790 0.344538 0.358120 0.352704 0.373172 0.403387
8 0.724068 0.509972 0.685512 0.501297 0.550282 0.495639 0.507683 0.488187 0.441381 0.495466 0.548205 0.532519 0.595806 0.550988 0.632239 0.569230 0.726837 0.585018 0.769483 0.619784 0.793688 0.625798 0.800057 0.615173 0.849935 0.615001 0.968891 0.627729 0.946760 0.602909 0.936808 0.581077 0.882689 0.555196 0.817957 0.540999 0.724068 0.509972
7 0.605047 0.597095 0.602970 0.633975 0.644912 0.647831 0.702723 0.651705 0.741077 0.660216 0.782262 0.661996 0.785953 0.649027 0.763117 0.612334 0.727544 0.587854 0.687017 0.579670 0.634361 0.568701 0.610154 0.580761 0.605047 0.597095
7 0.958941 0.587823 0.963787 0.625989 0.980256 0.664269 0.997943 0.662871 0.996634 0.629848 0.958941 0.587823
4 1.000000 0.667324 0.977425 0.670999 0.963787 0.625989 0.879093 0.613756 0.776002 0.618158 0.793027 0.659312 0.734709 0.661804 0.694081 0.653860 0.648448 0.652973 0.607215 0.632917 0.543946 0.633630 0.575167 0.695557 0.588652 0.749643 0.598650 0.807825 0.661260 0.822552 0.736758 0.825029 0.906251 0.822144 1.000000 0.810454 1.000000 0.667324
5 0.401177 0.696552 0.395576 0.637273 0.399838 0.518088 0.384133 0.437016 0.346395 0.358640 0.321586 0.340513 0.280249 0.338770 0.264578 0.376027 0.253858 0.424098 0.247583 0.480313 0.233277 0.514003 0.233220 0.559631 0.245382 0.680745 0.255333 0.711614 0.411834 0.739293 0.401177 0.696552
1 0.137880 0.431714 0.119368 0.548643 0.137203 0.574319 0.155689 0.639421 0.166395 0.691402 0.253918 0.705942 0.243213 0.653961 0.236804 0.592087 0.233277 0.514003 0.251071 0.476216 0.252442 0.427464 0.261747 0.382757 0.276004 0.339829 0.207628 0.356876 0.169318 0.393754 0.137880 0.431714
18 0.098438 0.571875 0.098438 0.576563 0.100000 0.578125 0.100000 0.587500 0.101562 0.589063 0.101562 0.590625 0.100000 0.592188 0.100000 0.595312 0.098438 0.596875 0.098438 0.598437 0.096875 0.600000 0.096875 0.601562 0.095312 0.603125 0.095312 0.609375 0.093750 0.610937 0.093750 0.614062 0.092188 0.615625 0.092188 0.621875 0.089062 0.625000 0.084375 0.625000 0.084375 0.681250 0.089062 0.681250 0.090625 0.682813 0.090625 0.687500 0.092188 0.689062 0.092188 0.698438 0.093750 0.700000 0.093750 0.710938 0.095312 0.712500 0.095312 0.718750 0.096875 0.720312 0.096875 0.723437 0.098438 0.725000 0.098438 0.729688 0.100000 0.731250 0.100000 0.734375 0.101562 0.735937 0.101562 0.739062 0.103125 0.740625 0.103125 0.742188 0.104687 0.743750 0.104687 0.745313 0.106250 0.746875 0.106250 0.748438 0.107813 0.750000 0.107813 0.751562 0.109375 0.753125 0.109375 0.754687 0.110937 0.756250 0.110937 0.757812 0.112500 0.759375 0.112500 0.760938 0.114063 0.762500 0.114063 0.764063 0.115625 0.765625 0.117188 0.765625 0.118750 0.767187 0.120312 0.767187 0.121875 0.768750 0.123438 0.768750 0.125000 0.770312 0.126563 0.770312 0.128125 0.771875 0.128125 0.776563 0.178125 0.776563 0.178125 0.770312 0.182812 0.765625 0.182812 0.764063 0.185937 0.760938 0.185937 0.759375 0.187500 0.757812 0.187500 0.754687 0.189063 0.753125 0.189063 0.750000 0.190625 0.748438 0.190625 0.743750 0.192188 0.742188 0.192188 0.735937 0.193750 0.734375 0.193750 0.729688 0.195312 0.728125 0.195312 0.720312 0.196875 0.718750 0.201562 0.718750 0.201562 0.715625 0.196875 0.715625 0.193750 0.712500 0.193750 0.710938 0.190625 0.707812 0.190625 0.706250 0.181250 0.696875 0.179688 0.696875 0.178125 0.695312 0.175000 0.695312 0.173438 0.693750 0.171875 0.693750 0.168750 0.690625 0.168750 0.687500 0.167187 0.685938 0.167187 0.684375 0.165625 0.682813 0.165625 0.681250 0.162500 0.678125 0.162500 0.676562 0.160938 0.675000 0.160938 0.673437 0.159375 0.671875 0.159375 0.667188 0.157813 0.665625 0.157813 0.657812 0.156250 0.656250 0.156250 0.650000 0.154687 0.648438 0.154687 0.645312 0.153125 0.643750 0.153125 0.640625 0.151562 0.639063 0.151562 0.634375 0.150000 0.632812 0.150000 0.631250 0.148438 0.629687 0.148438 0.628125 0.146875 0.626562 0.146875 0.623438 0.145313 0.621875 0.145313 0.617188 0.143750 0.615625 0.143750 0.610937 0.142188 0.609375 0.142188 0.606250 0.140625 0.604688 0.140625 0.601562 0.139062 0.600000 0.139062 0.598437 0.137500 0.596875 0.137500 0.593750 0.135937 0.592188 0.135937 0.590625 0.134375 0.589063 0.134375 0.587500 0.132812 0.585938 0.132812 0.584375 0.131250 0.582812 0.131250 0.581250 0.128125 0.578125 0.128125 0.571875
