9 0.369375 0.410856 0.351875 0.393319 0.314375 0.390397 0.307812 0.419833 0.332031 0.440292 0.400312 0.469729 0.395781 0.437370 0.373906 0.428601 0.369375 0.410856
12 0.120781 0.687265 0.136094 0.669729 0.153750 0.640292 0.380469 0.716701 0.376094 0.778497 0.387031 0.840292 0.422187 0.878497 0.457500 0.898956 0.508125 0.893111 0.554219 0.840292 0.521250 0.822547 0.525625 0.766806 0.523438 0.713779 0.512500 0.643215 0.497031 0.625470 0.489419 0.622827 0.489125 0.624301 0.474194 0.617541 0.473313 0.621962 0.465406 0.620793 0.466581 0.614898 0.458969 0.612255 0.457500 0.619624 0.448672 0.624061 0.451356 0.609612 0.116406 0.493319 0.092188 0.499165 0.074531 0.528601 0.059062 0.584342 0.057969 0.609395 0.056875 0.634447 0.067969 0.669729 0.100937 0.684342 0.120781 0.687265
6 0.420000 0.469729 0.446406 0.481420 0.567500 0.507933 0.719375 0.560960 0.607031 0.399165 0.574062 0.378497 0.492656 0.343215 0.468438 0.334447 0.420000 0.319833 0.397969 0.322756 0.400312 0.375574 0.420000 0.469729
8 0.699531 0.637370 0.732500 0.681420 0.754531 0.693111 0.763281 0.684342 0.811719 0.696242 0.924063 0.737370 0.908594 0.707933 0.904219 0.684342 0.857969 0.646138 0.798594 0.616701 0.715000 0.563883 0.679688 0.546138 0.549844 0.507933 0.510313 0.490397 0.444219 0.481420 0.538906 0.543215 0.580625 0.572651 0.611563 0.599165 0.699531 0.637370
7 0.604844 0.678497 0.660000 0.696242 0.695156 0.713779 0.734687 0.725470 0.741406 0.713779 0.728125 0.672651 0.699531 0.640292 0.662188 0.622547 0.613750 0.599165 0.587344 0.605010 0.578437 0.619624 0.567500 0.654906 0.604844 0.678497
7 0.924063 0.696242 0.919531 0.734447 0.926250 0.775574 0.943750 0.778497 0.950469 0.746138 0.924063 0.696242
4 0.521250 0.822547 0.578437 0.851983 0.651094 0.872651 0.816250 0.910856 0.912969 0.922547 0.930625 0.919624 0.967969 0.837370 0.974687 0.802088 0.957031 0.784342 0.921875 0.781420 0.919531 0.734447 0.840312 0.702088 0.739219 0.681420 0.745781 0.725470 0.688594 0.713779 0.651094 0.696242 0.607031 0.684342 0.571875 0.654906 0.510313 0.640292 0.525625 0.707933 0.525625 0.763674 0.521250 0.822547
5 0.365469 0.302088 0.325781 0.290397 0.301563 0.322756 0.279531 0.366806 0.259844 0.419833 0.237812 0.449061 0.226719 0.493319 0.209219 0.613779 0.211406 0.646138 0.356563 0.710856 0.356563 0.666806 0.365469 0.607933 0.398438 0.493319 0.402813 0.410856 0.385156 0.325678 0.365469 0.302088
1 0.211406 0.640292 0.213594 0.587265 0.222344 0.525678 0.237812 0.449061 0.264219 0.416701 0.277344 0.369729 0.297187 0.328601 0.321406 0.290397 0.250937 0.290397 0.204844 0.316910 0.165156 0.346138 0.118906 0.455115 0.130000 0.484342 0.132187 0.551983 0.130000 0.605010 0.211406 0.640292
18 0.093750 0.484375 0.093750 0.490625 0.089062 0.495313 0.089062 0.496875 0.084375 0.501562 0.084375 0.503125 0.081250 0.506250 0.079687 0.506250 0.078125 0.507812 0.078125 0.509375 0.073437 0.514063 0.073437 0.515625 0.071875 0.517187 0.071875 0.518750 0.070312 0.520312 0.070312 0.521875 0.068750 0.523438 0.068750 0.526563 0.067188 0.528125 0.067188 0.531250 0.065625 0.532812 0.065625 0.535937 0.064062 0.537500 0.064062 0.542188 0.062500 0.543750 0.062500 0.551562 0.060938 0.553125 0.060938 0.560938 0.059375 0.562500 0.059375 0.564062 0.057813 0.565625 0.053125 0.565625 0.053125 0.656250 0.057813 0.656250 0.060938 0.659375 0.060938 0.660937 0.067188 0.667188 0.068750 0.667188 0.071875 0.670313 0.073437 0.670313 0.075000 0.671875 0.076563 0.671875 0.078125 0.673437 0.079687 0.673437 0.082813 0.676562 0.085938 0.676562 0.087500 0.678125 0.089062 0.678125 0.090625 0.679688 0.093750 0.679688 0.095312 0.681250 0.096875 0.681250 0.098438 0.682813 0.100000 0.682813 0.101562 0.684375 0.101562 0.689062 0.115625 0.689062 0.115625 0.684375 0.118750 0.681250 0.120312 0.681250 0.125000 0.676562 0.126563 0.676562 0.128125 0.675000 0.128125 0.673437 0.129688 0.671875 0.129688 0.670313 0.134375 0.665625 0.134375 0.664062 0.135937 0.662500 0.135937 0.660937 0.140625 0.656250 0.145313 0.656250 0.145313 0.632812 0.139062 0.632812 0.137500 0.631250 0.135937 0.631250 0.131250 0.626562 0.131250 0.623438 0.129688 0.621875 0.129688 0.587500 0.128125 0.585938 0.128125 0.537500 0.126563 0.535937 0.126563 0.523438 0.125000 0.521875 0.125000 0.514063 0.123438 0.512500 0.123438 0.507812 0.121875 0.506250 0.121875 0.503125 0.120312 0.501562 0.120312 0.500000 0.118750 0.498437 0.118750 0.496875 0.117188 0.495313 0.117188 0.484375
