9 0.313483 0.293137 0.305741 0.323795 0.313363 0.342254 0.331023 0.355606 0.360620 0.359368 0.378908 0.354776 0.388914 0.300775 0.374585 0.287539 0.353513 0.276342 0.313483 0.293137
5 0.400381 0.350296 0.401999 0.303960 0.374228 0.202247 0.355077 0.185887 0.332048 0.185083 0.312254 0.187121 0.275020 0.356379 0.256795 0.404863 0.252298 0.438136 0.245146 0.551592 0.246524 0.603490 0.254485 0.657891 0.367732 0.674809 0.367342 0.636135 0.378850 0.447786 0.387495 0.391235 0.400381 0.350296
1 0.256708 0.407362 0.260848 0.384311 0.273282 0.356318 0.282799 0.320492 0.312254 0.187121 0.267519 0.193291 0.240801 0.202591 0.226717 0.228024 0.204583 0.297066 0.176033 0.404545 0.167349 0.466325 0.166238 0.543833 0.175398 0.613741 0.185571 0.650482 0.223162 0.662028 0.254303 0.663116 0.248864 0.631998 0.245747 0.580039 0.249618 0.469198 0.256708 0.407362
12 0.414741 0.885896 0.485066 0.898585 0.514940 0.894398 0.538509 0.879757 0.559286 0.849555 0.575051 0.821679 0.584394 0.790850 0.556884 0.777154 0.544338 0.758523 0.537074 0.729843 0.501768 0.702685 0.497233 0.645674 0.485704 0.552260 0.458057 0.538332 0.450811 0.538195 0.450159 0.541297 0.443565 0.538059 0.442261 0.544262 0.436319 0.537922 0.434363 0.547227 0.426464 0.550191 0.429073 0.537785 0.131986 0.532176 0.103937 0.533926 0.086404 0.566743 0.073023 0.607755 0.069677 0.618008 0.067155 0.690237 0.069827 0.754915 0.079971 0.796658 0.091018 0.812508 0.145333 0.814405 0.162334 0.796806 0.176776 0.761151 0.187372 0.694435 0.365296 0.694736 0.364011 0.731531 0.368326 0.798996 0.387729 0.853797 0.414741 0.885896
6 0.500003 0.188447 0.457276 0.186955 0.396116 0.190049 0.390740 0.202824 0.408550 0.257570 0.428273 0.307379 0.445838 0.323457 0.473610 0.329657 0.536363 0.326618 0.644992 0.330411 0.758277 0.342099 0.690839 0.246733 0.654057 0.212019 0.590258 0.199330 0.500003 0.188447
8 0.666246 0.336384 0.599021 0.326305 0.472017 0.329601 0.429684 0.312659 0.449137 0.370191 0.530866 0.388509 0.550257 0.402149 0.678917 0.442800 0.694470 0.425150 0.750465 0.424604 0.855676 0.430780 0.896628 0.437440 0.906352 0.445512 0.923258 0.430638 0.889031 0.372590 0.768213 0.339945 0.726991 0.341007 0.666246 0.336384
7 0.525038 0.414231 0.513151 0.426551 0.525062 0.463352 0.550739 0.479713 0.629282 0.497920 0.650988 0.490946 0.648648 0.462438 0.641383 0.433757 0.618806 0.420007 0.597552 0.414034 0.563168 0.410332 0.545063 0.409699 0.525038 0.414231
4 0.961141 0.716225 0.968737 0.685563 0.967334 0.584543 0.943948 0.498447 0.925660 0.503039 0.911157 0.494801 0.909269 0.453346 0.881767 0.439423 0.849158 0.430552 0.806373 0.426557 0.694470 0.425150 0.680742 0.440362 0.642977 0.433813 0.656007 0.488392 0.632613 0.498036 0.594935 0.488988 0.558820 0.484998 0.537799 0.476532 0.494292 0.493206 0.482397 0.505753 0.490628 0.552432 0.501316 0.715632 0.538899 0.727405 0.544425 0.756025 0.558303 0.782207 0.582705 0.793520 0.719828 0.782844 0.799362 0.772659 0.848608 0.774379 0.888418 0.768037 0.924748 0.720185 0.961141 0.716225
7 0.930403 0.508435 0.947454 0.493567 0.923441 0.425414 0.907493 0.458514 0.909476 0.497243 0.930403 0.508435
11 0.178766 0.654338 0.165697 0.555185 0.163496 0.468692 0.170413 0.399345 0.181178 0.365155 0.181202 0.364473 0.066325 0.369331 0.052862 0.397742 0.036141 0.573402 0.044757 0.617366 0.069037 0.623899 0.076469 0.506587 0.093803 0.479448 0.125098 0.484407 0.135732 0.524575 0.145557 0.604512 0.146210 0.639784 0.178766 0.654338
