6 0.523017 0.260944 0.476796 0.259281 0.428909 0.290654 0.391528 0.324840 0.333551 0.370327 0.403335 0.384439 0.444408 0.397967 0.582432 0.432380 0.650154 0.445978 0.695649 0.450553 0.708870 0.423879 0.721220 0.383645 0.748853 0.317251 0.598513 0.269712 0.523017 0.260944
9 0.801478 0.427052 0.772943 0.416457 0.758311 0.439493 0.755521 0.468768 0.752134 0.518004 0.766766 0.494969 0.802602 0.493849 0.820288 0.484917 0.830928 0.451024 0.801478 0.427052
8 0.573564 0.556820 0.588197 0.533785 0.626943 0.503420 0.671876 0.474597 0.678140 0.449475 0.651445 0.449587 0.376167 0.377665 0.324709 0.361355 0.279435 0.373463 0.246775 0.388717 0.149831 0.447885 0.152708 0.471999 0.178113 0.468278 0.297338 0.498004 0.430819 0.541340 0.473776 0.565392 0.517386 0.559443 0.573564 0.556820
9 0.341183 0.322150 0.315480 0.335851 0.333078 0.363442 0.370115 0.339418 0.372728 0.320153 0.341183 0.322150
7 0.431381 0.574738 0.446619 0.611795 0.503910 0.622792 0.556362 0.625815 0.576782 0.597649 0.595318 0.558957 0.581414 0.552203 0.549052 0.557477 0.512445 0.561691 0.462574 0.565886 0.431381 0.574738
7 0.154682 0.509036 0.154375 0.438963 0.124548 0.451636 0.107821 0.500639 0.133224 0.523795 0.154682 0.509036
4 0.100818 0.502374 0.082503 0.557749 0.046211 0.712091 0.051967 0.733442 0.088617 0.755922 0.185271 0.786788 0.382737 0.859225 0.439389 0.863489 0.486426 0.861874 0.530929 0.852861 0.553070 0.808494 0.575555 0.753965 0.600607 0.680353 0.626444 0.629947 0.581976 0.585602 0.559018 0.633245 0.515112 0.622298 0.446619 0.611795 0.423012 0.572651 0.473776 0.565392 0.399054 0.526652 0.329402 0.502711 0.277127 0.489678 0.211588 0.476624 0.152708 0.471999 0.152321 0.518502 0.129497 0.529441 0.100818 0.502374
12 0.755469 0.831178 0.755641 0.842372 0.759037 0.873189 0.797453 0.879287 0.823111 0.865768 0.853622 0.796611 0.872623 0.684752 0.867684 0.660124 0.861630 0.648753 0.838971 0.686416 0.819884 0.744886 0.788258 0.800424 0.755297 0.819985 0.755125 0.808791 0.728600 0.814717 0.642680 0.787523 0.654470 0.687015 0.651594 0.662901 0.632751 0.631519 0.606319 0.675010 0.579458 0.738309 0.554360 0.812103 0.539910 0.848564 0.542929 0.856198 0.497497 0.871209 0.507418 0.947160 0.551324 0.958107 0.581327 0.935423 0.626548 0.843443 0.629133 0.836939 0.631925 0.824803 0.635765 0.835458 0.721969 0.816199 0.755469 0.831178
5 0.750592 0.371246 0.709759 0.476115 0.710700 0.479056 0.712691 0.488641 0.701153 0.609321 0.657027 0.770798 0.759117 0.726642 0.799672 0.610488 0.813722 0.543802 0.807638 0.500519 0.812135 0.395678 0.810706 0.324938 0.788132 0.321437 0.771538 0.332188 0.750592 0.371246
1 0.814480 0.325299 0.812508 0.322874 0.808138 0.500063 0.813617 0.546289 0.799522 0.613158 0.759527 0.728097 0.787126 0.716609 0.800984 0.721998 0.863410 0.567212 0.882468 0.511441 0.874949 0.449625 0.855985 0.355177 0.826459 0.330993 0.814480 0.325299
