6 0.373282 0.236856 0.306333 0.330219 0.363078 0.328849 0.473928 0.313990 0.628243 0.288293 0.686317 0.273814 0.702558 0.250597 0.705572 0.227344 0.705785 0.166732 0.701366 0.113664 0.498773 0.157787 0.427771 0.181879 0.373282 0.236856
8 0.631068 0.405651 0.640944 0.374576 0.659402 0.360251 0.691401 0.320327 0.702596 0.295312 0.691666 0.269146 0.590910 0.297601 0.453905 0.322038 0.284810 0.332251 0.183310 0.402283 0.136884 0.445805 0.155274 0.457331 0.182982 0.463202 0.225180 0.455736 0.298214 0.456695 0.432571 0.439308 0.491480 0.437399 0.527180 0.447665 0.631068 0.405651
7 0.503360 0.475828 0.486023 0.521541 0.479212 0.564909 0.482929 0.579816 0.529340 0.571578 0.605639 0.533387 0.653565 0.495881 0.689047 0.461477 0.698140 0.427263 0.699953 0.407644 0.684994 0.392206 0.555254 0.437332 0.525733 0.451082 0.503360 0.475828
7 0.147329 0.478480 0.132735 0.446839 0.118777 0.479210 0.122361 0.519707 0.143438 0.568900 0.147329 0.478480
4 0.149546 0.487372 0.141507 0.578826 0.118995 0.523880 0.115236 0.588710 0.116656 0.629747 0.146168 0.756563 0.168328 0.792429 0.191835 0.789902 0.240815 0.809636 0.405862 0.835433 0.464770 0.833524 0.496142 0.844870 0.656105 0.824155 0.714545 0.793472 0.755323 0.744969 0.742688 0.658948 0.740595 0.509183 0.679602 0.476610 0.645269 0.497949 0.603655 0.533882 0.531504 0.571038 0.474632 0.581885 0.484523 0.515526 0.506008 0.468778 0.527180 0.447665 0.485832 0.432417 0.402752 0.443409 0.225180 0.455736 0.184482 0.469217 0.130034 0.444457 0.149546 0.487372
9 0.856442 0.240842 0.838430 0.203941 0.771942 0.210796 0.763997 0.231945 0.765848 0.257040 0.741742 0.266384 0.759521 0.293897 0.787058 0.280642 0.821743 0.278384 0.860457 0.265398 0.856442 0.240842
12 0.794154 0.511942 0.752024 0.493555 0.741283 0.582627 0.742703 0.623664 0.757606 0.754123 0.714843 0.803120 0.751432 0.835389 0.781968 0.834165 0.804873 0.828454 0.830730 0.809229 0.855932 0.777388 0.859941 0.696662 0.852522 0.631563 0.834758 0.568766 0.794154 0.511942
5 0.724238 0.132407 0.734994 0.250843 0.768164 0.313966 0.794490 0.372684 0.821742 0.534232 0.840911 0.588067 0.892006 0.522547 0.887368 0.424808 0.867175 0.315392 0.760934 0.121313 0.737516 0.118818 0.724107 0.131884 0.724238 0.132407
1 0.918185 0.422403 0.899303 0.289047 0.815526 0.160483 0.789416 0.136435 0.764011 0.124435 0.866849 0.314084 0.885006 0.401507 0.893618 0.518255 0.893979 0.518166 0.911767 0.490396 0.918185 0.422403
12 0.923123 0.503676 0.929890 0.530046 0.943586 0.558856 0.950332 0.551340 0.946561 0.503944 0.932748 0.416272 0.925582 0.394446 0.919273 0.392963 0.923123 0.503676
