2 0.623669 0.240687 0.593306 0.180731 0.523540 0.074323 0.393426 0.060726 0.332695 0.069974 0.348527 0.150763 0.371803 0.218577 0.407133 0.265386 0.623669 0.240687
11 0.394431 0.264498 0.432556 0.302507 0.457334 0.313235 0.473118 0.336830 0.481214 0.403583 0.483721 0.550269 0.500156 0.591259 0.668660 0.518862 0.690640 0.480559 0.701174 0.418964 0.708865 0.308976 0.681628 0.271086 0.636684 0.237099 0.489241 0.257633 0.394431 0.264498
3 0.389851 0.481374 0.407494 0.505098 0.430457 0.515057 0.531728 0.509287 0.529850 0.473813 0.514040 0.423871 0.496085 0.404623 0.406552 0.398362 0.382694 0.401192 0.380234 0.436362 0.389851 0.481374
3 0.675796 0.443536 0.704885 0.428220 0.717249 0.344905 0.695246 0.352363 0.675796 0.443536
0 0.693795 0.649138 0.703096 0.578461 0.717609 0.522285 0.711391 0.428675 0.696211 0.427613 0.683553 0.488417 0.661841 0.522884 0.496129 0.590977 0.484682 0.567686 0.477860 0.513874 0.421470 0.518927 0.391393 0.490478 0.366328 0.510573 0.326057 0.503259 0.303719 0.484347 0.271497 0.486592 0.296006 0.563489 0.304099 0.634740 0.310652 0.817051 0.345334 0.779636 0.387483 0.822424 0.425899 0.825110 0.486630 0.815862 0.542685 0.784440 0.631253 0.715450 0.693795 0.649138
9 0.060123 0.161440 0.071260 0.184709 0.098874 0.190496 0.099142 0.124328 0.071257 0.126876 0.060123 0.161440
1 0.228004 0.031167 0.204459 0.091851 0.154015 0.261181 0.147822 0.318581 0.149141 0.517877 0.198134 0.582991 0.204908 0.517278 0.281334 0.283578 0.292491 0.217529 0.295531 0.111714 0.284372 0.057599 0.264248 0.038199 0.228004 0.031167
5 0.074747 0.321825 0.075686 0.370727 0.077857 0.428713 0.120968 0.488918 0.144177 0.526526 0.144133 0.340171 0.154015 0.261181 0.175079 0.204821 0.180020 0.165326 0.197324 0.104847 0.226149 0.026539 0.187107 0.032805 0.155175 0.062059 0.129171 0.095583 0.109046 0.138515 0.083377 0.260740 0.074747 0.321825
12 0.221717 0.717657 0.221404 0.722133 0.225310 0.768673 0.240186 0.823048 0.267385 0.852581 0.288241 0.839260 0.299611 0.783507 0.300391 0.620986 0.290915 0.565061 0.272132 0.526477 0.251241 0.526944 0.230283 0.559536 0.220896 0.626994 0.221717 0.717657
12 0.071476 0.377502 0.064664 0.310196 0.057641 0.290427 0.047849 0.305807 0.040819 0.357365 0.045006 0.444408 0.046462 0.450293 0.059055 0.479448 0.069106 0.473725 0.071476 0.377502
