9 0.299857 0.344577 0.246335 0.351837 0.246846 0.417458 0.267776 0.430064 0.304915 0.416915 0.327292 0.425902 0.336569 0.383632 0.316128 0.378026 0.312427 0.354250 0.299857 0.344577
6 0.446528 0.386494 0.724436 0.356509 0.626421 0.242601 0.575395 0.198099 0.459105 0.192161 0.345729 0.203607 0.312158 0.209472 0.376134 0.380865 0.402906 0.389545 0.446528 0.386494
8 0.482283 0.470169 0.602724 0.506300 0.708117 0.526483 0.880315 0.500958 0.903101 0.481778 0.921135 0.452965 0.840615 0.390007 0.766763 0.364101 0.694340 0.358614 0.484157 0.380346 0.392027 0.379754 0.396952 0.421031 0.482283 0.470169
7 0.477829 0.459929 0.464850 0.478423 0.501391 0.568491 0.552324 0.582516 0.684957 0.593759 0.649937 0.520585 0.555889 0.492574 0.477829 0.459929
12 0.535204 0.852790 0.494567 0.845079 0.486408 0.728405 0.452060 0.606528 0.435797 0.614355 0.434963 0.590430 0.417866 0.574331 0.402143 0.597317 0.419533 0.622182 0.403270 0.630009 0.386420 0.620302 0.387007 0.637836 0.256900 0.700453 0.138311 0.721677 0.130530 0.639563 0.118580 0.585294 0.093307 0.534887 0.072796 0.557426 0.066108 0.578411 0.071523 0.673352 0.075134 0.736646 0.094466 0.779848 0.111787 0.799154 0.159712 0.799320 0.173688 0.770790 0.175584 0.739588 0.240637 0.708280 0.361646 0.713094 0.366664 0.784849 0.390245 0.869375 0.431953 0.921563 0.510219 0.923125 0.526224 0.894453 0.535204 0.852790
5 0.342580 0.766015 0.352258 0.748924 0.339143 0.469040 0.351355 0.386115 0.315362 0.279594 0.280400 0.216968 0.230901 0.204015 0.200366 0.447675 0.216866 0.625319 0.232091 0.721567 0.230022 0.721126 0.342580 0.766015
1 0.231997 0.205111 0.160114 0.236518 0.119708 0.305000 0.102880 0.375351 0.106829 0.485285 0.156870 0.685792 0.157412 0.688685 0.227666 0.716601 0.199515 0.450079 0.231997 0.205111
4 0.907159 0.481494 0.891165 0.505476 0.744492 0.531560 0.651517 0.514026 0.691860 0.605001 0.500837 0.570288 0.460315 0.617675 0.463172 0.624510 0.492483 0.732670 0.497325 0.840783 0.589431 0.850756 0.713966 0.838531 0.936079 0.778446 0.969685 0.758509 0.977831 0.729215 0.967076 0.687173 0.972950 0.586518 0.952097 0.526422 0.912421 0.556749 0.907159 0.481494
7 0.925775 0.456158 0.909444 0.480162 0.912404 0.546785 0.914421 0.551333 0.949013 0.526052 0.925775 0.456158
9 0.737449 0.357944 0.731876 0.321988 0.726273 0.314759 0.695297 0.313994 0.726546 0.357534 0.737449 0.357944
