9 0.312312 0.352844 0.306102 0.333088 0.256286 0.347080 0.249153 0.370145 0.293076 0.385626 0.300383 0.408967 0.312312 0.352844
6 0.366272 0.272135 0.350920 0.382838 0.680471 0.446741 0.647949 0.368879 0.616322 0.325285 0.428557 0.276436 0.366272 0.272135
8 0.353948 0.377336 0.314215 0.420846 0.353188 0.438627 0.377356 0.468345 0.463596 0.505111 0.504452 0.535024 0.621676 0.569438 0.715905 0.586115 0.738851 0.584847 0.757935 0.561530 0.793666 0.547337 0.702697 0.457610 0.551356 0.419296 0.395737 0.392364 0.353948 0.377336
7 0.435680 0.493032 0.375009 0.470639 0.366953 0.536524 0.475256 0.565690 0.508893 0.542113 0.435680 0.493032
7 0.769144 0.557767 0.744542 0.586057 0.763019 0.614565 0.798953 0.609913 0.799713 0.548622 0.769144 0.557767
12 0.251171 0.745432 0.299006 0.761745 0.315906 0.718969 0.332546 0.593456 0.327135 0.503480 0.303294 0.510703 0.272484 0.559461 0.253574 0.629184 0.245835 0.704075 0.251171 0.745432
4 0.479297 0.567666 0.365788 0.538511 0.366380 0.525229 0.335115 0.576125 0.321305 0.700563 0.327129 0.716885 0.733589 0.779258 0.770190 0.769720 0.801177 0.660665 0.799551 0.610599 0.761399 0.618690 0.741129 0.588125 0.635563 0.574066 0.510187 0.541271 0.479297 0.567666
12 0.143108 0.596206 0.146394 0.633217 0.175796 0.585836 0.185447 0.445989 0.161864 0.495724 0.142510 0.595521 0.143108 0.596206
9 0.707504 0.452487 0.693523 0.423817 0.675111 0.415993 0.672152 0.415922 0.682833 0.446125 0.707504 0.452487
5 0.203624 0.587840 0.247360 0.635684 0.253124 0.605066 0.283841 0.532266 0.305062 0.442922 0.332256 0.386692 0.351561 0.308114 0.351703 0.270714 0.333874 0.261897 0.245226 0.367634 0.224928 0.414157 0.204078 0.585702 0.203624 0.587840
