6 0.641626 0.261376 0.648746 0.041020 0.387527 0.093371 0.295332 0.124945 0.258857 0.174044 0.224025 0.227550 0.164049 0.350006 0.494222 0.294229 0.641626 0.261376
9 0.148418 0.312086 0.139423 0.328538 0.146531 0.354987 0.165452 0.347108 0.180984 0.301555 0.148418 0.312086
9 0.733255 0.285574 0.784054 0.263622 0.801289 0.245044 0.796299 0.209256 0.783367 0.191290 0.755066 0.187339 0.724564 0.194319 0.710094 0.214985 0.711769 0.237764 0.723159 0.266007 0.702200 0.267455 0.703959 0.288643 0.717944 0.307979 0.733255 0.285574
7 0.438133 0.485245 0.424701 0.573974 0.430906 0.579595 0.524334 0.534128 0.564350 0.503245 0.599647 0.462252 0.605658 0.398070 0.593496 0.367877 0.574262 0.357963 0.544546 0.368990 0.487996 0.409914 0.438133 0.485245
7 0.055095 0.469381 0.037093 0.514364 0.049726 0.585424 0.086622 0.611334 0.096360 0.592638 0.087011 0.433246 0.055095 0.469381
4 0.059625 0.755736 0.064622 0.834057 0.235999 0.851681 0.375603 0.843448 0.621664 0.808221 0.680336 0.772137 0.670367 0.605513 0.684399 0.493563 0.642588 0.456530 0.603912 0.447770 0.594104 0.470156 0.565487 0.503024 0.522734 0.536015 0.429601 0.582999 0.423367 0.573183 0.435396 0.487352 0.364188 0.521673 0.353584 0.566268 0.308154 0.623935 0.268766 0.635792 0.172215 0.640906 0.126093 0.597885 0.119333 0.552990 0.097140 0.554153 0.096305 0.598425 0.087113 0.613864 0.049263 0.587089 0.042575 0.552682 0.034623 0.596761 0.059625 0.755736
12 0.792007 0.620202 0.770183 0.564582 0.741665 0.529166 0.713952 0.514074 0.679043 0.528736 0.678568 0.542481 0.670771 0.664248 0.680828 0.774667 0.647492 0.797425 0.657479 0.828566 0.675604 0.842896 0.708074 0.846037 0.739040 0.837392 0.765188 0.818131 0.780219 0.796306 0.797703 0.758775 0.801744 0.670296 0.792007 0.620202
8 0.159599 0.351396 0.157704 0.351765 0.086814 0.432234 0.095803 0.539184 0.113408 0.546790 0.123219 0.538581 0.358993 0.511131 0.364918 0.517330 0.438862 0.480902 0.481665 0.413770 0.574627 0.355791 0.637206 0.266961 0.178888 0.355524 0.159599 0.351396
12 0.917957 0.557912 0.940364 0.574036 0.971443 0.567995 0.985166 0.535396 0.980255 0.469661 0.962496 0.384369 0.937164 0.343084 0.932885 0.355468 0.938512 0.497730 0.904392 0.530617 0.904799 0.534739 0.917957 0.557912
5 0.866510 0.333712 0.846046 0.268901 0.729304 0.014334 0.685426 0.035466 0.674567 0.070659 0.675461 0.200713 0.741805 0.370030 0.790657 0.603136 0.790853 0.604148 0.898238 0.505033 0.866510 0.333712
1 0.929691 0.470563 0.925173 0.406852 0.890437 0.211962 0.844403 0.112737 0.795835 0.044986 0.763122 0.020363 0.731691 0.016496 0.846214 0.265717 0.867422 0.328284 0.898884 0.502282 0.899263 0.502208 0.929691 0.470563
