6 0.331875 0.431063 0.304688 0.454319 0.341667 0.457475 0.403021 0.469767 0.440000 0.479070 0.476979 0.494684 0.496458 0.493189 0.523646 0.497841 0.548958 0.505482 0.560729 0.480731 0.586979 0.435714 0.613229 0.401495 0.573333 0.384385 0.494479 0.368937 0.452604 0.365781 0.405938 0.382890 0.366979 0.406146 0.331875 0.431063
8 0.432188 0.477575 0.354271 0.458970 0.307604 0.452824 0.286146 0.445017 0.209271 0.454319 0.179062 0.465116 0.178125 0.493189 0.191667 0.510133 0.224792 0.519435 0.288125 0.525748 0.381562 0.525748 0.475938 0.521096 0.511042 0.544352 0.521771 0.536545 0.526563 0.516445 0.524687 0.497841 0.497396 0.493189 0.470104 0.493189 0.432188 0.477575
7 0.266667 0.545847 0.317292 0.552159 0.334792 0.562957 0.351354 0.594020 0.393229 0.595515 0.425312 0.590864 0.434167 0.572259 0.453542 0.559801 0.476979 0.552159 0.510104 0.545847 0.477917 0.519435 0.282292 0.528904 0.266667 0.545847
4 0.334792 0.564618 0.317292 0.553654 0.294896 0.549003 0.268646 0.547508 0.289062 0.524252 0.261771 0.525748 0.223854 0.519435 0.192708 0.508638 0.179062 0.496179 0.169375 0.510133 0.152812 0.508638 0.140104 0.517940 0.131354 0.533555 0.123542 0.562957 0.119687 0.590864 0.106979 0.607973 0.102188 0.690365 0.090521 0.711960 0.087500 0.729070 0.113854 0.749336 0.151771 0.770930 0.283229 0.826910 0.314375 0.837708 0.363021 0.850166 0.420521 0.848671 0.443854 0.758638 0.460417 0.707309 0.479896 0.666944 0.451667 0.621927 0.429271 0.597176 0.390313 0.597176 0.351354 0.592525 0.334792 0.564618
7 0.178125 0.499336 0.177083 0.462126 0.161562 0.479070 0.149896 0.503987 0.166354 0.516445 0.178125 0.499336
9 0.662917 0.500831 0.642500 0.488538 0.614271 0.482226 0.611354 0.511794 0.582083 0.510133 0.575313 0.525748 0.603542 0.539701 0.626875 0.536545 0.655104 0.541196 0.667812 0.525748 0.662917 0.500831
5 0.570417 0.786545 0.572396 0.812957 0.648333 0.800498 0.683333 0.797342 0.696042 0.756977 0.696979 0.724419 0.703750 0.671595 0.710625 0.564618 0.696979 0.531894 0.694063 0.477575 0.689167 0.426412 0.665833 0.417110 0.640521 0.410797 0.618125 0.421761 0.578229 0.479070 0.583021 0.538206 0.585000 0.583223 0.579167 0.657641 0.576250 0.743023 0.570417 0.786545
12 0.427292 0.915449 0.476979 0.927741 0.504167 0.923090 0.522708 0.893688 0.537292 0.857973 0.547083 0.814452 0.550938 0.769435 0.670130 0.766044 0.733945 0.808063 0.733993 0.814452 0.724271 0.820764 0.728125 0.853322 0.740729 0.867276 0.762188 0.873422 0.778750 0.868771 0.793333 0.842359 0.801146 0.801993 0.806979 0.752326 0.805000 0.718272 0.800208 0.695017 0.782604 0.676246 0.768021 0.704319 0.757292 0.740033 0.746667 0.799003 0.742760 0.805150 0.665221 0.762811 0.537591 0.678772 0.535333 0.684020 0.532682 0.675540 0.503229 0.656146 0.480833 0.665449 0.466250 0.696512 0.449688 0.743023 0.438021 0.785050 0.429271 0.825415 0.417604 0.859468 0.421458 0.890532 0.427292 0.915449
1 0.711354 0.565615 0.696771 0.729734 0.697500 0.760133 0.684063 0.794186 0.740313 0.786545 0.743854 0.767608 0.786667 0.648339 0.779062 0.587043 0.783854 0.564452 0.753021 0.484219 0.691979 0.430565 0.688438 0.430565 0.697500 0.533389 0.711354 0.565615
3 0.793854 0.596678 0.806250 0.619435 0.811146 0.564286 0.792812 0.551495 0.790833 0.550166 0.793333 0.565615 0.793854 0.596678
18 0.773438 0.678125 0.773438 0.684375 0.771875 0.685938 0.771875 0.693750 0.770312 0.695312 0.770312 0.698438 0.768750 0.700000 0.768750 0.701563 0.767187 0.703125 0.767187 0.704687 0.765625 0.706250 0.765625 0.707812 0.764063 0.709375 0.764063 0.712500 0.762500 0.714063 0.762500 0.717188 0.760938 0.718750 0.760938 0.721875 0.759375 0.723437 0.759375 0.725000 0.757812 0.726562 0.757812 0.729688 0.756250 0.731250 0.756250 0.735937 0.754687 0.737500 0.754687 0.740625 0.753125 0.742188 0.753125 0.743750 0.751562 0.745313 0.751562 0.751562 0.750000 0.753125 0.750000 0.760938 0.748438 0.762500 0.748438 0.771875 0.746875 0.773438 0.746875 0.779688 0.745313 0.781250 0.745313 0.784375 0.743750 0.785937 0.743750 0.789062 0.739062 0.793750 0.737500 0.793750 0.735937 0.795313 0.729688 0.795313 0.728125 0.793750 0.726562 0.793750 0.723437 0.796875 0.723437 0.798437 0.721875 0.800000 0.721875 0.801562 0.720312 0.803125 0.715625 0.803125 0.715625 0.834375 0.720312 0.834375 0.721875 0.835938 0.721875 0.837500 0.723437 0.839063 0.723437 0.842188 0.725000 0.843750 0.725000 0.846875 0.726562 0.848437 0.726562 0.851562 0.728125 0.853125 0.728125 0.856250 0.731250 0.859375 0.731250 0.860937 0.732813 0.860937 0.737500 0.865625 0.737500 0.870313 0.782812 0.870313 0.782812 0.865625 0.787500 0.860937 0.787500 0.859375 0.790625 0.856250 0.790625 0.853125 0.792188 0.851562 0.792188 0.850000 0.793750 0.848437 0.793750 0.839063 0.795313 0.837500 0.795313 0.831250 0.796875 0.829687 0.796875 0.821875 0.798437 0.820312 0.798437 0.815625 0.800000 0.814062 0.800000 0.809375 0.801562 0.807813 0.801562 0.803125 0.803125 0.801562 0.807813 0.801562 0.807813 0.706250 0.803125 0.706250 0.801562 0.704687 0.801562 0.703125 0.800000 0.701563 0.800000 0.698438 0.798437 0.696875 0.798437 0.692187 0.796875 0.690625 0.796875 0.687500 0.795313 0.685938 0.795313 0.678125
