9 0.264056 0.503681 0.275477 0.497733 0.278807 0.472625 0.269416 0.452481 0.262050 0.421130 0.241576 0.393292 0.214110 0.396208 0.197997 0.403414 0.186156 0.423249 0.182976 0.437875 0.194443 0.461906 0.219401 0.461217 0.248423 0.464104 0.264056 0.503681
6 0.274270 0.200137 0.225622 0.217838 0.316792 0.362696 0.346595 0.406030 0.373209 0.423115 0.689712 0.327644 0.748333 0.313492 0.694526 0.262816 0.638750 0.223553 0.580063 0.177295 0.535848 0.151375 0.457971 0.157135 0.400116 0.166417 0.274270 0.200137
8 0.523035 0.505380 0.601116 0.559994 0.699872 0.522868 0.880813 0.462389 0.864936 0.425765 0.840108 0.385541 0.797240 0.338155 0.757716 0.310978 0.547232 0.370487 0.417365 0.411283 0.372431 0.420213 0.378340 0.438402 0.523035 0.505380
7 0.424495 0.486463 0.427753 0.540020 0.443963 0.577887 0.463271 0.601372 0.501633 0.609311 0.545169 0.606754 0.588893 0.601036 0.616215 0.593715 0.623133 0.585863 0.573975 0.541495 0.531935 0.512104 0.490186 0.491522 0.436775 0.464955 0.424495 0.486463
4 0.988458 0.655485 0.971112 0.615034 0.948191 0.505207 0.924133 0.463444 0.901731 0.491885 0.890880 0.491682 0.872059 0.461180 0.714114 0.519719 0.595674 0.557897 0.624513 0.585494 0.584175 0.602745 0.518537 0.613890 0.472911 0.603677 0.420243 0.646670 0.450746 0.696481 0.476414 0.744256 0.498914 0.796211 0.499338 0.838086 0.513781 0.875983 0.568565 0.880631 0.674541 0.852235 0.708572 0.826899 0.771821 0.806841 0.950932 0.723525 0.971718 0.721065 0.998899 0.694454 0.988458 0.655485
7 0.907665 0.490295 0.924455 0.456915 0.910789 0.421921 0.889576 0.398501 0.853055 0.366521 0.816668 0.350500 0.847171 0.400311 0.870451 0.439172 0.890047 0.488573 0.907665 0.490295
12 0.384081 0.667912 0.380664 0.708151 0.384501 0.761108 0.400278 0.822196 0.418379 0.868221 0.418931 0.868073 0.439399 0.909687 0.473277 0.946153 0.509693 0.945726 0.540447 0.926378 0.548866 0.907015 0.548514 0.876451 0.510769 0.874124 0.468403 0.723742 0.423571 0.655776 0.409472 0.644002 0.394820 0.649484 0.384081 0.667912
12 0.089103 0.650533 0.094082 0.692298 0.094329 0.691566 0.112158 0.758103 0.133964 0.808022 0.149288 0.826577 0.185316 0.824699 0.202954 0.804421 0.206868 0.782045 0.160442 0.772713 0.156215 0.735412 0.128496 0.665082 0.107535 0.626044 0.099022 0.619661 0.089103 0.650533
5 0.159714 0.446552 0.153576 0.493740 0.218259 0.739004 0.361286 0.781547 0.355964 0.750093 0.324830 0.649354 0.259035 0.328186 0.205806 0.240476 0.166023 0.224476 0.144827 0.229267 0.143481 0.233627 0.159714 0.446552
1 0.152551 0.491571 0.161258 0.444583 0.143481 0.233627 0.089849 0.259772 0.076700 0.415476 0.066814 0.485662 0.092483 0.586978 0.155935 0.715048 0.155110 0.717490 0.217293 0.739263 0.152551 0.491571
