6 0.312952 0.167115 0.246050 0.172816 0.188396 0.182344 0.211494 0.310850 0.217505 0.329508 0.271713 0.323609 0.320620 0.313213 0.390967 0.303884 0.484990 0.295314 0.626762 0.290738 0.534323 0.196737 0.491301 0.174700 0.445631 0.170265 0.312952 0.167115
8 0.524893 0.292456 0.443132 0.298589 0.355811 0.308630 0.296755 0.321183 0.216916 0.326737 0.303097 0.351016 0.338496 0.357634 0.351678 0.369145 0.361465 0.395350 0.423985 0.399099 0.509004 0.398067 0.586176 0.390183 0.800978 0.358838 0.840881 0.355980 0.885977 0.337875 0.872587 0.315162 0.838901 0.296764 0.752150 0.289645 0.524893 0.292456
7 0.550476 0.522838 0.482817 0.395114 0.449028 0.396673 0.324230 0.400538 0.313166 0.428448 0.341214 0.530343 0.401067 0.531763 0.550476 0.522838
4 0.759898 0.756571 0.831162 0.721488 0.894166 0.696850 0.941667 0.649779 0.960923 0.620127 0.969096 0.598454 0.967724 0.561942 0.959631 0.504025 0.945424 0.447409 0.930078 0.425112 0.902387 0.445140 0.878378 0.382087 0.860588 0.348894 0.739255 0.369062 0.548352 0.392600 0.480739 0.395556 0.555066 0.524589 0.516652 0.524234 0.380216 0.533469 0.339724 0.533556 0.357966 0.589316 0.303515 0.583851 0.319800 0.640026 0.346339 0.725202 0.381782 0.811383 0.416403 0.823960 0.438209 0.836364 0.543504 0.811086 0.595079 0.803020 0.639606 0.802075 0.646843 0.786224 0.669341 0.781442 0.684702 0.783970 0.708567 0.776001 0.759898 0.756571
12 0.263468 0.515687 0.231153 0.533802 0.207759 0.584268 0.207110 0.681018 0.229269 0.775645 0.259757 0.848737 0.284092 0.883265 0.315233 0.899308 0.349835 0.891953 0.404058 0.866285 0.412801 0.827452 0.383149 0.808196 0.354759 0.754594 0.299237 0.573344 0.263468 0.515687
7 0.861375 0.348386 0.899273 0.438305 0.928111 0.421270 0.912630 0.375489 0.886176 0.333402 0.862581 0.347448 0.861375 0.348386
12 0.088142 0.495873 0.107799 0.603982 0.120096 0.632379 0.145223 0.632150 0.161821 0.626066 0.170268 0.606891 0.145330 0.577943 0.105744 0.474071 0.104368 0.471807 0.093134 0.476069 0.088142 0.495873
5 0.144947 0.207597 0.132609 0.308875 0.129317 0.388977 0.131667 0.442807 0.132059 0.451779 0.168232 0.592500 0.193255 0.616034 0.203689 0.638466 0.205003 0.635631 0.204430 0.633537 0.205767 0.627801 0.166104 0.584222 0.217576 0.560713 0.192834 0.423866 0.190186 0.303793 0.171844 0.192849 0.166720 0.186782 0.144947 0.207597
1 0.128282 0.402146 0.130702 0.311325 0.144122 0.210328 0.124016 0.236582 0.099513 0.387644 0.109073 0.466888 0.145358 0.571462 0.165112 0.589244 0.166669 0.587550 0.131631 0.456981 0.128282 0.402146
9 0.109571 0.334559 0.117749 0.341170 0.162732 0.338765 0.183584 0.357506 0.184424 0.356646 0.181853 0.337938 0.157771 0.308809 0.105240 0.314181 0.109571 0.334559
11 0.082355 0.436785 0.090117 0.473303 0.088912 0.452601 0.097817 0.452412 0.119482 0.507443 0.109030 0.471498 0.099000 0.391842 0.099413 0.374545 0.099007 0.376847 0.078776 0.383873 0.082355 0.436785
