9 0.169932 0.377469 0.183436 0.375330 0.181107 0.345642 0.173893 0.336304 0.162328 0.336949 0.152657 0.305852 0.132904 0.298500 0.109177 0.302258 0.078599 0.315209 0.068046 0.329734 0.074669 0.356567 0.091788 0.376004 0.140139 0.372894 0.169932 0.377469
9 0.629016 0.205884 0.631281 0.227673 0.646315 0.242693 0.681048 0.255978 0.684744 0.235618 0.681842 0.217292 0.671610 0.203884 0.629016 0.205884
6 0.498344 0.116237 0.399490 0.122600 0.234118 0.150968 0.208066 0.156281 0.169620 0.169489 0.194718 0.314219 0.203503 0.339722 0.228850 0.346188 0.296963 0.349242 0.531637 0.303965 0.640535 0.278610 0.660600 0.259217 0.644503 0.252472 0.560396 0.162174 0.523613 0.128450 0.498344 0.116237
8 0.825685 0.353893 0.805192 0.326884 0.762295 0.290767 0.736996 0.278361 0.674449 0.258012 0.655987 0.273790 0.610565 0.287905 0.514237 0.311467 0.362226 0.335544 0.325949 0.342476 0.297330 0.351557 0.265405 0.348505 0.236498 0.349525 0.204477 0.338381 0.194444 0.356185 0.191847 0.383490 0.198277 0.410354 0.217161 0.425951 0.254501 0.478175 0.343274 0.495556 0.418081 0.504669 0.462315 0.490544 0.627408 0.452927 0.706751 0.433241 0.764344 0.414825 0.816256 0.404230 0.824429 0.382172 0.825685 0.353893
7 0.285585 0.505880 0.268425 0.507411 0.286437 0.547470 0.311927 0.576061 0.348384 0.586502 0.415503 0.613245 0.461077 0.600095 0.474112 0.572521 0.467227 0.550277 0.431185 0.536211 0.407719 0.535379 0.370624 0.528401 0.325881 0.518086 0.312099 0.510975 0.285585 0.505880
7 0.862465 0.423805 0.858938 0.395295 0.839786 0.369260 0.829294 0.427872 0.821056 0.442031 0.855070 0.480741 0.862465 0.423805
4 0.952845 0.723513 0.971212 0.699643 0.963527 0.681085 0.946785 0.662776 0.934184 0.620674 0.914290 0.487577 0.897898 0.457743 0.886288 0.428140 0.863751 0.395719 0.866406 0.448690 0.857201 0.479217 0.823524 0.442629 0.837159 0.396372 0.841096 0.370041 0.830131 0.352003 0.817596 0.405205 0.763370 0.416166 0.696893 0.437176 0.463472 0.490361 0.416924 0.504853 0.364975 0.500227 0.251819 0.476227 0.262281 0.504825 0.314037 0.509481 0.344119 0.522118 0.416602 0.532786 0.440985 0.539405 0.468192 0.550124 0.474719 0.568865 0.466672 0.599209 0.419119 0.614848 0.386501 0.606172 0.315023 0.574384 0.291974 0.553712 0.264598 0.571890 0.230005 0.616918 0.268361 0.734237 0.277847 0.780392 0.284328 0.872504 0.319828 0.898126 0.346149 0.903251 0.414371 0.900751 0.587024 0.873406 0.623348 0.860533 0.681492 0.845590 0.763238 0.818602 0.899831 0.763351 0.952845 0.723513
5 0.125872 0.159214 0.124705 0.160585 0.117765 0.212901 0.106244 0.391116 0.118772 0.493938 0.148600 0.633569 0.199250 0.703657 0.180765 0.586947 0.172187 0.484093 0.179158 0.431970 0.182993 0.318845 0.159499 0.174256 0.141679 0.154139 0.125872 0.159214
1 0.080367 0.231480 0.062412 0.331615 0.085105 0.499863 0.116095 0.606880 0.145511 0.630301 0.114617 0.467702 0.105849 0.392365 0.122197 0.160982 0.121221 0.158566 0.095259 0.180673 0.080367 0.231480
12 0.196322 0.652706 0.220983 0.795924 0.258123 0.896825 0.272953 0.909307 0.309799 0.903471 0.278692 0.870629 0.270226 0.769734 0.225577 0.592703 0.206721 0.549813 0.194738 0.590271 0.195703 0.590118 0.196322 0.652706
12 0.126655 0.671057 0.096831 0.646316 0.079202 0.535008 0.060821 0.465149 0.052871 0.467396 0.055567 0.519373 0.066096 0.603329 0.088373 0.667826 0.126655 0.671057
