2 0.146888 0.213679 0.098186 0.287611 0.124904 0.283811 0.454690 0.244379 0.472874 0.203836 0.495752 0.123980 0.504249 0.075571 0.517587 0.038756 0.453344 0.047065 0.351799 0.068196 0.296092 0.084596 0.242803 0.107290 0.218395 0.122978 0.199317 0.144593 0.146888 0.213679
9 0.918088 0.040692 0.881102 0.044897 0.885312 0.088051 0.894333 0.098634 0.928151 0.092458 0.918088 0.040692
11 0.000000 0.431134 0.012107 0.473267 0.026340 0.511687 0.064238 0.579729 0.090662 0.602051 0.124793 0.615910 0.200629 0.631412 0.243447 0.632640 0.279629 0.628392 0.307504 0.616209 0.312570 0.593139 0.305565 0.535606 0.309141 0.497704 0.314879 0.463758 0.324008 0.440097 0.339843 0.423291 0.338651 0.402830 0.344353 0.340041 0.391938 0.323828 0.420634 0.308699 0.444520 0.290328 0.432890 0.273487 0.456293 0.245460 0.390968 0.255372 0.219962 0.272297 0.087081 0.293948 0.065166 0.309151 0.000000 0.311730 0.000000 0.362046 0.001559 0.362702 0.000000 0.369059 0.000000 0.431134
0 0.008903 0.527412 0.011696 0.577606 0.025298 0.647586 0.043111 0.675759 0.067972 0.746336 0.089358 0.772422 0.113918 0.792320 0.163290 0.821124 0.318539 0.870534 0.374916 0.871911 0.394369 0.894195 0.436702 0.892930 0.499082 0.882197 0.605918 0.810495 0.668965 0.761231 0.660361 0.723110 0.660656 0.696988 0.653426 0.666957 0.650744 0.631664 0.652046 0.582066 0.657375 0.531686 0.670414 0.493338 0.650443 0.496026 0.589180 0.533999 0.564810 0.542715 0.540068 0.535189 0.513276 0.517117 0.487488 0.540037 0.460395 0.556247 0.419888 0.566906 0.382625 0.572756 0.315250 0.572124 0.303962 0.619484 0.285067 0.628728 0.249145 0.634318 0.213783 0.635620 0.103257 0.610546 0.069792 0.586807 0.034466 0.531994 0.008903 0.527412
3 0.459795 0.362767 0.422494 0.375589 0.383668 0.401043 0.363990 0.406261 0.332205 0.425969 0.315960 0.462156 0.311341 0.494689 0.313908 0.572385 0.375845 0.572682 0.413109 0.566831 0.449329 0.555612 0.512232 0.511749 0.480331 0.439756 0.473399 0.404095 0.475856 0.374767 0.459795 0.362767
1 0.592310 0.000000 0.588835 0.003020 0.587386 0.093832 0.602329 0.199365 0.618016 0.223774 0.695716 0.326658 0.755751 0.416462 0.790186 0.508656 0.837544 0.463636 0.860462 0.433117 0.854760 0.410946 0.848799 0.266659 0.843731 0.233421 0.781162 0.123417 0.734915 0.026755 0.718524 0.000000 0.592310 0.000000
5 0.721467 0.000000 0.750763 0.049938 0.789091 0.137595 0.845723 0.233432 0.855101 0.404513 0.860281 0.431162 0.926544 0.325762 0.927544 0.261301 0.920582 0.195801 0.908081 0.127398 0.893486 0.099395 0.845032 0.035394 0.800751 0.000000 0.721467 0.000000
12 0.774431 0.631298 0.758587 0.543649 0.746282 0.510027 0.733667 0.491190 0.718468 0.482604 0.701485 0.478146 0.691595 0.479471 0.684400 0.485446 0.672778 0.502429 0.661602 0.550364 0.656326 0.619436 0.665665 0.734017 0.678050 0.774189 0.699489 0.804642 0.722458 0.814304 0.741114 0.806898 0.755793 0.784147 0.767708 0.755369 0.776101 0.669574 0.774431 0.631298
12 0.955059 0.379313 0.967388 0.373136 0.976267 0.353304 0.969033 0.295616 0.948685 0.190935 0.941320 0.192964 0.938800 0.212753 0.938859 0.279595 0.944740 0.339535 0.935249 0.366450 0.935509 0.367792 0.955059 0.379313
3 0.000000 0.514031 0.004504 0.526278 0.038327 0.533432 0.010328 0.476399 0.000000 0.449056 0.000000 0.514031
