3 0.252502 0.480990 0.272021 0.478539 0.290301 0.485656 0.333179 0.472751 0.358619 0.469830 0.356968 0.458366 0.315782 0.416701 0.289445 0.416021 0.274472 0.422170 0.227840 0.453926 0.241041 0.477809 0.252502 0.480990
3 0.128932 0.527098 0.132650 0.489536 0.104089 0.484781 0.097539 0.505335 0.101250 0.554129 0.109978 0.536655 0.128932 0.527098
2 0.106647 0.485351 0.133787 0.489252 0.169986 0.477811 0.183588 0.466167 0.199412 0.463430 0.225472 0.453309 0.279401 0.418526 0.259725 0.296819 0.202585 0.314689 0.117673 0.353574 0.109879 0.393360 0.106647 0.485351
11 0.146020 0.695747 0.202073 0.673518 0.321046 0.633187 0.302996 0.560794 0.304810 0.539004 0.279994 0.454006 0.279968 0.420800 0.247981 0.439444 0.237651 0.445642 0.229827 0.457054 0.192492 0.468778 0.174681 0.468388 0.169415 0.480369 0.133217 0.491810 0.103519 0.487338 0.098770 0.506236 0.102494 0.534897 0.124900 0.611035 0.125499 0.636853 0.146020 0.695747
9 0.728471 0.343396 0.749613 0.319204 0.739080 0.272111 0.720132 0.272004 0.710371 0.275645 0.711968 0.296584 0.720388 0.315822 0.728471 0.343396
12 0.709152 0.510535 0.830614 0.472924 0.850518 0.610073 0.845482 0.632666 0.869758 0.672709 0.886568 0.682809 0.933093 0.670002 0.945842 0.659778 0.950878 0.637185 0.950958 0.585031 0.924436 0.502874 0.908869 0.473542 0.876106 0.446283 0.844320 0.447163 0.837467 0.460043 0.699809 0.513428 0.522287 0.568398 0.519519 0.571020 0.512944 0.571291 0.508676 0.563861 0.503601 0.574184 0.496326 0.566537 0.483977 0.569214 0.494257 0.577077 0.475571 0.582864 0.471627 0.571890 0.464256 0.580270 0.466228 0.585757 0.456884 0.588650 0.456577 0.625362 0.470208 0.717979 0.468197 0.752700 0.476563 0.781412 0.493033 0.804681 0.515239 0.822696 0.545651 0.821152 0.568394 0.813066 0.585408 0.800571 0.594425 0.774570 0.593702 0.719194 0.586906 0.678214 0.576886 0.642870 0.561037 0.612401 0.709152 0.510535
1 0.600716 0.339621 0.567747 0.263902 0.543474 0.219027 0.463408 0.235367 0.416882 0.248175 0.468628 0.370138 0.471782 0.401357 0.523209 0.503473 0.556729 0.532958 0.571158 0.562574 0.591966 0.617773 0.602630 0.608069 0.673603 0.589166 0.668855 0.532176 0.662813 0.498256 0.628916 0.390562 0.600716 0.339621
5 0.694548 0.278383 0.639056 0.236662 0.598990 0.222899 0.567490 0.220085 0.543474 0.219027 0.628400 0.383645 0.659228 0.474189 0.672776 0.547906 0.676161 0.589736 0.813369 0.550695 0.808765 0.490248 0.793640 0.438462 0.770277 0.377861 0.741223 0.328341 0.725037 0.306209 0.694548 0.278383
12 0.729322 0.720606 0.738531 0.689727 0.739742 0.648563 0.638113 0.679336 0.633468 0.683313 0.645294 0.709753 0.665790 0.734635 0.699560 0.741715 0.729322 0.720606
12 0.381692 0.838480 0.386514 0.779507 0.313500 0.805562 0.255231 0.810026 0.262935 0.837695 0.299340 0.873909 0.338034 0.885397 0.354574 0.873422 0.381692 0.838480
