9 0.218405 0.313447 0.210194 0.297244 0.198268 0.299347 0.192004 0.271694 0.190740 0.249903 0.169969 0.240079 0.134474 0.255858 0.113438 0.276028 0.114520 0.305784 0.131319 0.323448 0.159491 0.328000 0.205653 0.326604 0.218405 0.313447
8 0.822530 0.357453 0.806321 0.327389 0.774771 0.287932 0.741488 0.262267 0.661685 0.213469 0.652972 0.225913 0.516406 0.249994 0.467833 0.261335 0.345579 0.297964 0.322837 0.300586 0.283611 0.295206 0.273436 0.322981 0.276770 0.349762 0.301499 0.380902 0.334069 0.402528 0.352418 0.421109 0.363004 0.450776 0.396877 0.464041 0.515380 0.469126 0.574814 0.465389 0.691171 0.450425 0.753843 0.425690 0.785650 0.403621 0.810296 0.381426 0.822530 0.357453
7 0.462812 0.489303 0.397317 0.466541 0.360311 0.451251 0.334517 0.436561 0.317399 0.432836 0.294701 0.443582 0.291848 0.457769 0.325701 0.533907 0.347295 0.563021 0.373056 0.577518 0.416873 0.593194 0.540332 0.602761 0.578089 0.591938 0.576461 0.582706 0.517578 0.528831 0.495542 0.503959 0.462812 0.489303
7 0.856195 0.478643 0.871591 0.418613 0.863698 0.381727 0.829968 0.322029 0.831127 0.366845 0.839993 0.480112 0.856195 0.478643
4 0.868310 0.818420 0.918699 0.771258 0.928433 0.740983 0.938998 0.676053 0.925086 0.644394 0.915373 0.605053 0.905917 0.504186 0.889746 0.443970 0.872269 0.422459 0.866564 0.444091 0.864036 0.475872 0.838839 0.480315 0.832756 0.369334 0.825460 0.358324 0.814335 0.380713 0.766640 0.420657 0.734076 0.437307 0.696319 0.448129 0.611302 0.463120 0.553419 0.467773 0.441295 0.468505 0.395530 0.464278 0.444551 0.486970 0.472723 0.491522 0.497600 0.507761 0.523201 0.529228 0.581936 0.591260 0.564183 0.598555 0.526585 0.602408 0.428131 0.595176 0.383001 0.579929 0.346583 0.558982 0.321740 0.542935 0.300272 0.575279 0.289225 0.605984 0.353294 0.791624 0.364283 0.853944 0.374349 0.879538 0.408388 0.917366 0.447101 0.943462 0.486563 0.956931 0.539502 0.955728 0.597341 0.949694 0.642305 0.940378 0.697611 0.921106 0.761823 0.889356 0.868310 0.818420
6 0.494063 0.069292 0.468110 0.061572 0.374451 0.065791 0.307617 0.074799 0.237411 0.087178 0.197436 0.101168 0.203385 0.119158 0.231461 0.240144 0.244026 0.272041 0.256549 0.289070 0.282028 0.294097 0.341020 0.294603 0.542034 0.240120 0.623498 0.229722 0.653843 0.222983 0.659422 0.215256 0.627089 0.194977 0.524178 0.092739 0.494063 0.069292
1 0.143290 0.398089 0.139169 0.338723 0.149895 0.095866 0.134550 0.113446 0.122371 0.153474 0.106614 0.284569 0.107677 0.373827 0.131528 0.451728 0.140991 0.495277 0.176748 0.551842 0.177709 0.551672 0.143290 0.398089
5 0.261868 0.688155 0.217805 0.485501 0.211336 0.381331 0.204916 0.333675 0.200219 0.182189 0.185058 0.106326 0.167975 0.092678 0.153414 0.094453 0.141065 0.369724 0.179315 0.555157 0.178354 0.555327 0.261868 0.688155
12 0.368342 0.954573 0.421906 0.931047 0.421703 0.929893 0.381316 0.896556 0.363354 0.864421 0.347616 0.781916 0.288433 0.607116 0.276894 0.595664 0.269979 0.614931 0.276373 0.680441 0.290583 0.767777 0.310032 0.848834 0.331124 0.909967 0.348182 0.941468 0.368342 0.954573
12 0.124567 0.466243 0.132377 0.525157 0.154283 0.594278 0.163220 0.605593 0.183606 0.615485 0.200578 0.610509 0.202502 0.610170 0.145898 0.521979 0.123633 0.431701 0.124567 0.466243
