3 0.543022 0.490175 0.642854 0.518384 0.672815 0.521158 0.698881 0.519710 0.690767 0.496820 0.695103 0.470785 0.741235 0.403117 0.736457 0.392716 0.699191 0.385794 0.578352 0.390659 0.558657 0.400649 0.532333 0.436187 0.509917 0.474952 0.543022 0.490175
9 0.890281 0.387674 0.925466 0.398747 0.940311 0.384331 0.943682 0.368474 0.931295 0.360051 0.909187 0.354153 0.901303 0.363060 0.890281 0.387674
2 0.354895 0.242325 0.377925 0.244824 0.461345 0.255367 0.620571 0.291608 0.665254 0.296513 0.698789 0.282475 0.758069 0.214008 0.713957 0.199839 0.672501 0.191027 0.584252 0.180656 0.501725 0.181884 0.440247 0.200565 0.385912 0.224158 0.354895 0.242325
11 0.218667 0.452980 0.250870 0.466814 0.287585 0.487597 0.396558 0.532924 0.445723 0.550562 0.465590 0.545400 0.485663 0.516721 0.524906 0.448586 0.556536 0.404991 0.590801 0.387514 0.602036 0.367539 0.614101 0.354928 0.662205 0.333404 0.675976 0.312769 0.672672 0.294496 0.621474 0.292998 0.483433 0.256668 0.335587 0.239220 0.298421 0.243101 0.261287 0.241198 0.237706 0.252559 0.232987 0.269127 0.218141 0.283543 0.223263 0.303601 0.217537 0.330538 0.212995 0.380091 0.211700 0.430334 0.218667 0.452980
3 0.188416 0.340722 0.183381 0.364411 0.216730 0.378489 0.222816 0.305702 0.214650 0.283999 0.209162 0.281635 0.188416 0.340722
0 0.148335 0.462591 0.122144 0.569841 0.139968 0.591201 0.154937 0.569623 0.161667 0.621571 0.181430 0.628168 0.196571 0.611419 0.210826 0.611054 0.287514 0.658903 0.321713 0.675557 0.339133 0.692239 0.349954 0.719299 0.367312 0.747549 0.397860 0.758834 0.417695 0.759456 0.435595 0.736305 0.452926 0.731802 0.462289 0.743176 0.474386 0.791474 0.502854 0.806909 0.549383 0.814403 0.590019 0.805469 0.619140 0.795286 0.707050 0.757463 0.729159 0.664721 0.760247 0.573887 0.755937 0.565982 0.733553 0.567015 0.700397 0.562364 0.699265 0.529176 0.658520 0.521714 0.603499 0.510019 0.571561 0.499636 0.510160 0.473806 0.463997 0.547258 0.445723 0.550562 0.307074 0.501124 0.269456 0.478951 0.220981 0.458064 0.208852 0.415551 0.211920 0.373872 0.180845 0.365070 0.148335 0.462591
1 0.839160 0.243025 0.833453 0.239815 0.818912 0.232132 0.806446 0.233475 0.794080 0.245623 0.796213 0.281619 0.791743 0.366529 0.811624 0.436448 0.811142 0.524203 0.788738 0.644638 0.842005 0.585674 0.861689 0.462066 0.859150 0.386648 0.839160 0.243025
5 0.882780 0.520661 0.898272 0.427111 0.886796 0.358978 0.872342 0.296403 0.856764 0.263539 0.840781 0.241972 0.863554 0.459866 0.844780 0.581073 0.848121 0.580385 0.871074 0.560704 0.882780 0.520661
12 0.788908 0.582775 0.787835 0.560582 0.783788 0.546743 0.776671 0.549224 0.760268 0.578484 0.738323 0.638515 0.709232 0.757528 0.680649 0.770821 0.679568 0.793753 0.692159 0.810607 0.706946 0.810555 0.731605 0.782850 0.754985 0.724522 0.779568 0.642689 0.784281 0.613939 0.788908 0.582775
12 0.883336 0.576289 0.898942 0.527291 0.906949 0.485863 0.906685 0.466438 0.896886 0.488117 0.871689 0.570020 0.872255 0.573934 0.870640 0.587168 0.873864 0.589850 0.883336 0.576289
