2 0.534130 0.318628 0.527846 0.216731 0.420809 0.238285 0.395153 0.261310 0.382491 0.262803 0.367209 0.256666 0.314462 0.263086 0.220573 0.285439 0.178510 0.297974 0.114614 0.323336 0.099710 0.335889 0.095270 0.359463 0.102807 0.370721 0.093049 0.371249 0.078854 0.442556 0.202906 0.418384 0.354320 0.379211 0.393401 0.363916 0.385774 0.355411 0.405289 0.354355 0.415244 0.361469 0.415046 0.353827 0.434561 0.352771 0.491771 0.328830 0.534130 0.318628
9 0.776460 0.264723 0.774028 0.275823 0.787496 0.322280 0.812597 0.313550 0.830208 0.296828 0.826391 0.278870 0.815472 0.266015 0.797910 0.261362 0.776460 0.264723
3 0.295978 0.436340 0.288399 0.449532 0.314293 0.455809 0.380657 0.447693 0.402951 0.469911 0.455383 0.456370 0.465234 0.447287 0.498222 0.387361 0.487091 0.379145 0.375731 0.407607 0.334115 0.422243 0.295978 0.436340
3 0.061356 0.481418 0.067429 0.521261 0.075587 0.537098 0.092886 0.535817 0.098220 0.511122 0.136538 0.486603 0.132508 0.473283 0.070963 0.471190 0.061356 0.481418
11 0.394406 0.374285 0.361857 0.375213 0.232136 0.412171 0.081593 0.444170 0.072524 0.467263 0.101661 0.599645 0.119218 0.632454 0.137118 0.655606 0.155807 0.655227 0.288910 0.635122 0.390651 0.615892 0.414526 0.540332 0.399203 0.435365 0.394406 0.374285
0 0.085752 0.601829 0.079841 0.645416 0.083902 0.664521 0.080151 0.680693 0.085877 0.707630 0.093236 0.736617 0.108356 0.757963 0.130447 0.779225 0.144043 0.782126 0.243766 0.770314 0.322720 0.754730 0.442990 0.740946 0.532485 0.719528 0.548566 0.712515 0.553588 0.703261 0.560876 0.659580 0.563199 0.566237 0.557889 0.535618 0.561297 0.529103 0.520620 0.519978 0.502548 0.501655 0.489021 0.482166 0.457432 0.454736 0.401977 0.465326 0.413551 0.535747 0.386513 0.618969 0.330802 0.627416 0.253238 0.643903 0.182044 0.651847 0.135759 0.660487 0.118315 0.633844 0.100971 0.596397 0.086615 0.533556 0.076733 0.536854 0.077112 0.555543 0.085752 0.601829
1 0.752597 0.589277 0.747255 0.552873 0.735664 0.509611 0.721387 0.415204 0.710780 0.386908 0.647098 0.258275 0.607896 0.190331 0.573298 0.192893 0.535313 0.197373 0.530274 0.233787 0.533855 0.311698 0.543507 0.340197 0.567294 0.375076 0.586028 0.413425 0.609098 0.477809 0.639712 0.500654 0.652731 0.522447 0.672300 0.575994 0.678575 0.616791 0.752597 0.589277
5 0.808369 0.337811 0.764358 0.274484 0.735327 0.243115 0.707208 0.220738 0.679214 0.205523 0.654507 0.199193 0.609042 0.190088 0.648540 0.260365 0.710081 0.389253 0.725864 0.430626 0.734933 0.506172 0.746768 0.550581 0.748712 0.587906 0.805709 0.568603 0.846595 0.550527 0.850092 0.522828 0.839492 0.456991 0.821584 0.372741 0.808369 0.337811
12 0.892044 0.676047 0.942895 0.661644 0.951465 0.635263 0.952981 0.592609 0.930872 0.499867 0.918216 0.473205 0.897740 0.449203 0.870252 0.441068 0.609151 0.551578 0.604360 0.555092 0.594305 0.555699 0.591144 0.559199 0.584251 0.556305 0.574196 0.556911 0.582140 0.563010 0.564133 0.570631 0.554562 0.707846 0.528631 0.723941 0.543593 0.783060 0.559475 0.813629 0.581598 0.840675 0.639398 0.830785 0.662357 0.822311 0.676498 0.800535 0.685463 0.765683 0.680077 0.690552 0.671468 0.650051 0.848268 0.619459 0.874502 0.676182 0.892044 0.676047
12 0.208088 0.848583 0.235306 0.878939 0.297215 0.876163 0.320345 0.862860 0.334017 0.827606 0.334774 0.782319 0.205788 0.803945 0.188517 0.804421 0.187753 0.804583 0.191042 0.820058 0.208088 0.848583
