9 0.420691 0.388961 0.392362 0.388033 0.379440 0.402202 0.373029 0.431442 0.378960 0.450178 0.399244 0.456950 0.424839 0.441427 0.433622 0.419682 0.433205 0.399841 0.420691 0.388961
9 0.879631 0.415377 0.856149 0.406318 0.835951 0.410238 0.821323 0.423939 0.814693 0.465800 0.805462 0.467897 0.814591 0.488920 0.867965 0.477797 0.888575 0.461286 0.890413 0.438441 0.879631 0.415377
6 0.795879 0.314905 0.522541 0.308987 0.499212 0.342666 0.438728 0.443627 0.487891 0.447854 0.610905 0.447761 0.779970 0.460300 0.795879 0.314905
8 0.732268 0.458084 0.543280 0.447729 0.491088 0.450141 0.436717 0.445088 0.379407 0.469826 0.359932 0.491658 0.340543 0.524181 0.392903 0.530695 0.716508 0.546354 0.733525 0.506336 0.757022 0.481582 0.780881 0.465784 0.732268 0.458084
7 0.419221 0.533083 0.368322 0.528581 0.334785 0.526829 0.314932 0.573517 0.342766 0.588801 0.363050 0.595573 0.388401 0.581594 0.399195 0.558387 0.419221 0.533083
7 0.683488 0.608754 0.718676 0.600089 0.732754 0.589861 0.742087 0.564643 0.738528 0.553401 0.662855 0.546755 0.616065 0.550022 0.626002 0.599649 0.640166 0.600113 0.645461 0.611629 0.683488 0.608754
5 0.863820 0.481491 0.837444 0.304680 0.837260 0.305837 0.827084 0.310158 0.817911 0.319384 0.806091 0.406498 0.809461 0.513815 0.804358 0.569760 0.808437 0.617668 0.808078 0.688602 0.797166 0.745011 0.837703 0.738776 0.852529 0.693863 0.871107 0.552845 0.863820 0.481491
1 0.867713 0.494368 0.872029 0.555760 0.854563 0.687264 0.838851 0.737771 0.866857 0.734495 0.925205 0.555877 0.917578 0.474185 0.907399 0.462290 0.884389 0.316664 0.848338 0.305812 0.840236 0.304529 0.867713 0.494368
12 0.277664 0.730162 0.269018 0.804727 0.272085 0.866515 0.285116 0.901603 0.339992 0.913458 0.369380 0.906446 0.386115 0.883191 0.406385 0.832615 0.375134 0.807692 0.319646 0.779723 0.288922 0.756466 0.279856 0.731300 0.277664 0.730162
12 0.767248 0.670468 0.750834 0.681711 0.740363 0.709121 0.706184 0.838769 0.663267 0.852537 0.661166 0.850820 0.664076 0.881141 0.685331 0.916740 0.704867 0.938225 0.730980 0.943152 0.754513 0.930664 0.770720 0.905744 0.784133 0.864759 0.792518 0.825549 0.796094 0.779250 0.793430 0.723656 0.785731 0.684865 0.767248 0.670468
12 0.836764 0.813376 0.836481 0.810167 0.833220 0.835753 0.841375 0.895380 0.889094 0.903729 0.904683 0.897695 0.914276 0.860851 0.926484 0.770041 0.927660 0.708926 0.920451 0.667048 0.910278 0.663855 0.887164 0.756102 0.879640 0.798612 0.836764 0.813376
4 0.623779 0.598703 0.502387 0.604789 0.377818 0.587234 0.358511 0.598018 0.320857 0.583551 0.309194 0.574783 0.308950 0.576326 0.291099 0.640338 0.284995 0.707594 0.286347 0.747753 0.314178 0.770551 0.360858 0.785459 0.466800 0.790769 0.708093 0.816726 0.743731 0.692846 0.734385 0.597040 0.670864 0.616048 0.639053 0.613383 0.623779 0.598703
