7 0.444531 0.375918 0.446666 0.342769 0.460676 0.305345 0.475502 0.278111 0.469273 0.255028 0.443044 0.250595 0.337981 0.298715 0.313264 0.346124 0.309308 0.358689 0.328758 0.394936 0.395918 0.380084 0.444531 0.375918
9 0.704976 0.193099 0.685580 0.188904 0.655592 0.191375 0.648047 0.205964 0.647412 0.257731 0.632496 0.259556 0.637154 0.288447 0.702093 0.275666 0.714014 0.258885 0.712869 0.230116 0.704976 0.193099
4 0.086855 0.410527 0.076905 0.398844 0.068582 0.407739 0.063718 0.479879 0.058588 0.498070 0.056053 0.537068 0.060787 0.563812 0.055057 0.599181 0.060968 0.625770 0.074719 0.657324 0.229621 0.665079 0.441254 0.665629 0.452724 0.633783 0.480277 0.471560 0.489644 0.432801 0.504555 0.397557 0.467410 0.375545 0.444001 0.357529 0.443319 0.377049 0.408729 0.377013 0.332148 0.398572 0.309308 0.358689 0.339356 0.292900 0.324926 0.275198 0.245555 0.275944 0.205148 0.280201 0.144975 0.290803 0.117010 0.302529 0.104451 0.331992 0.102036 0.373143 0.086855 0.410527
8 0.571467 0.227523 0.502366 0.230778 0.338004 0.230901 0.294124 0.233864 0.216733 0.245037 0.159959 0.259080 0.128323 0.275173 0.117494 0.288670 0.120605 0.300310 0.150913 0.288665 0.193908 0.277463 0.279138 0.271254 0.322700 0.271798 0.342593 0.295358 0.448982 0.248457 0.484903 0.238376 0.573530 0.235608 0.571467 0.227523
5 0.616717 0.185327 0.617704 0.252199 0.621107 0.289059 0.626622 0.360584 0.619224 0.639597 0.718689 0.651084 0.752148 0.649907 0.761207 0.390495 0.758035 0.319051 0.752901 0.298156 0.733413 0.134290 0.725439 0.099616 0.678963 0.081772 0.659164 0.089093 0.640824 0.116204 0.622249 0.155619 0.616717 0.185327
1 0.752067 0.652249 0.767097 0.652774 0.819758 0.655786 0.843902 0.423283 0.843841 0.363479 0.830646 0.276833 0.816685 0.217716 0.810168 0.174884 0.800382 0.158517 0.727747 0.100674 0.735558 0.140033 0.740222 0.202343 0.757953 0.321394 0.761056 0.428403 0.755609 0.617977 0.752067 0.652249
6 0.333870 0.186980 0.302438 0.230832 0.584154 0.227967 0.597288 0.210055 0.638473 0.088371 0.630586 0.084773 0.584521 0.083165 0.530327 0.090457 0.442312 0.109272 0.403926 0.122784 0.392287 0.125896 0.333870 0.186980
12 0.518087 0.496918 0.482563 0.540432 0.472132 0.643255 0.450716 0.668891 0.438782 0.686063 0.430157 0.737160 0.433775 0.807056 0.446669 0.874343 0.480677 0.896638 0.531373 0.899971 0.563960 0.879026 0.586834 0.811619 0.598413 0.715089 0.597056 0.647618 0.580664 0.529396 0.542285 0.481152 0.518087 0.496918
12 0.808236 0.745086 0.806805 0.786077 0.813752 0.844558 0.827757 0.880029 0.877028 0.879405 0.888706 0.847176 0.902986 0.762857 0.907983 0.664534 0.887368 0.583296 0.860842 0.581784 0.830906 0.745096 0.809044 0.744333 0.808236 0.745086
12 0.092998 0.755092 0.100801 0.811453 0.127328 0.857720 0.177086 0.865516 0.203735 0.863515 0.245293 0.798324 0.249223 0.752926 0.130470 0.722982 0.091572 0.706380 0.088590 0.707839 0.111074 0.715953 0.092998 0.755092
11 0.844368 0.465904 0.824302 0.654381 0.836315 0.657341 0.853653 0.552609 0.872201 0.497168 0.898389 0.485965 0.916716 0.503999 0.920579 0.673182 0.937484 0.664782 0.953428 0.516029 0.946925 0.394439 0.938635 0.374411 0.841552 0.333889 0.845271 0.356103 0.844368 0.465904
