8 0.389844 0.328125 0.358789 0.330664 0.334570 0.336133 0.267188 0.363086 0.259180 0.382031 0.267188 0.387305 0.274023 0.383203 0.362891 0.388672 0.428906 0.380664 0.428906 0.371094 0.481445 0.353711 0.493555 0.346875 0.493555 0.333398 0.478711 0.336133 0.472070 0.329492 0.389844 0.328125
12 0.295508 0.626172 0.321875 0.618164 0.344922 0.575586 0.347754 0.561230 0.339697 0.545459 0.341050 0.538273 0.350586 0.546875 0.351095 0.539521 0.421416 0.548259 0.428906 0.551406 0.428906 0.574609 0.434180 0.608203 0.450391 0.628516 0.469336 0.632422 0.497656 0.625781 0.511133 0.605469 0.517773 0.579883 0.517383 0.559905 0.521875 0.560742 0.532227 0.576758 0.558594 0.582422 0.579297 0.569922 0.590313 0.541563 0.652991 0.527454 0.683789 0.526172 0.684961 0.553711 0.692969 0.582422 0.711328 0.592773 0.735547 0.591602 0.750391 0.577930 0.760742 0.550391 0.765430 0.527344 0.766602 0.497461 0.763086 0.467578 0.753906 0.448047 0.741211 0.437695 0.708008 0.435352 0.704492 0.460742 0.686133 0.496289 0.642725 0.527881 0.601660 0.529590 0.597656 0.522656 0.593984 0.532109 0.587891 0.523950 0.581128 0.530444 0.578125 0.525244 0.570862 0.530872 0.568359 0.526538 0.560596 0.531299 0.558594 0.527832 0.550330 0.531726 0.548828 0.529126 0.540063 0.532153 0.539062 0.530420 0.519531 0.533008 0.516797 0.529939 0.516406 0.509961 0.505664 0.484375 0.484180 0.464062 0.454492 0.468164 0.450456 0.478516 0.444590 0.470605 0.286152 0.509668 0.256445 0.516992 0.258789 0.581250 0.272461 0.612305 0.295508 0.626172
9 0.541992 0.299805 0.529883 0.307812 0.527148 0.324023 0.532617 0.345508 0.575781 0.332031 0.573047 0.311914 0.564844 0.302539 0.541992 0.299805
6 0.387109 0.326758 0.488086 0.330664 0.500195 0.325391 0.509766 0.307812 0.519141 0.279492 0.536719 0.248633 0.505664 0.250000 0.424805 0.245898 0.389844 0.274219 0.349414 0.333398 0.387109 0.326758
7 0.438281 0.383203 0.383008 0.385937 0.358789 0.388672 0.377734 0.408789 0.372266 0.423633 0.424805 0.410156 0.438281 0.383203
4 0.380469 0.410156 0.356055 0.387305 0.276758 0.385937 0.264453 0.403516 0.263281 0.419727 0.247070 0.407617 0.249805 0.430469 0.240234 0.434375 0.238867 0.447852 0.240234 0.477539 0.245703 0.497852 0.260547 0.515234 0.287500 0.532813 0.313086 0.543555 0.384375 0.549023 0.426172 0.542188 0.465234 0.426367 0.449023 0.419727 0.434180 0.403516 0.403320 0.418359 0.373633 0.425000 0.380469 0.410156
5 0.525781 0.373828 0.533984 0.489648 0.614844 0.474805 0.612109 0.350977 0.593164 0.262109 0.583789 0.236523 0.547461 0.247266 0.536719 0.263477 0.517773 0.314648 0.525781 0.373828
1 0.614844 0.353711 0.616016 0.476172 0.629492 0.476172 0.672656 0.468164 0.678125 0.456055 0.680859 0.430469 0.682031 0.363086 0.678125 0.334766 0.668555 0.310547 0.651172 0.236523 0.617383 0.236523 0.583789 0.235156 0.594531 0.264844 0.614844 0.353711
11 0.679492 0.476172 0.698242 0.462695 0.715820 0.398047 0.729297 0.383203 0.741406 0.376563 0.760156 0.390039 0.768359 0.407617 0.773633 0.454688 0.798047 0.446680 0.799219 0.404883 0.787109 0.369727 0.784570 0.317188 0.795312 0.317188 0.785742 0.301172 0.718555 0.307812 0.686133 0.314648 0.686133 0.346875 0.686133 0.434375 0.679492 0.476172
3 0.798047 0.353711 0.795312 0.317188 0.784570 0.318555 0.787109 0.371094 0.793945 0.391406 0.798047 0.353711
