9 0.235547 0.265430 0.203516 0.274609 0.183984 0.284961 0.174805 0.302148 0.174805 0.328516 0.196484 0.340039 0.224219 0.345898 0.262109 0.344727 0.263281 0.311328 0.262109 0.286133 0.235547 0.265430
9 0.658398 0.268750 0.684766 0.298633 0.679102 0.259570 0.651563 0.241211 0.642383 0.245898 0.658398 0.268750
6 0.304492 0.314844 0.323047 0.343555 0.342578 0.355078 0.409180 0.359570 0.450391 0.358398 0.635547 0.335547 0.685937 0.332031 0.705469 0.321680 0.666406 0.288281 0.640039 0.260742 0.618164 0.222852 0.547070 0.148242 0.497656 0.139063 0.460742 0.136719 0.303516 0.141406 0.270117 0.145898 0.287305 0.219531 0.304492 0.314844
8 0.540039 0.540039 0.586133 0.589453 0.641211 0.674414 0.664258 0.675586 0.697461 0.687109 0.749219 0.683594 0.833008 0.658398 0.898633 0.630664 0.900781 0.604297 0.915820 0.592773 0.931836 0.573242 0.934180 0.552539 0.928516 0.514648 0.919141 0.483594 0.896289 0.436523 0.849219 0.396289 0.810156 0.367578 0.714648 0.318164 0.679102 0.330859 0.610156 0.337695 0.457422 0.359570 0.375781 0.359570 0.342578 0.353906 0.334375 0.364258 0.336719 0.395313 0.433203 0.458398 0.540039 0.540039
7 0.499805 0.660547 0.596484 0.673242 0.645703 0.675586 0.571094 0.573242 0.471094 0.484766 0.425195 0.457227 0.418359 0.519336 0.434375 0.551562 0.464258 0.644531 0.499805 0.660547
4 0.404492 0.825000 0.411328 0.869727 0.439063 0.891602 0.472266 0.912305 0.506836 0.920312 0.590625 0.924805 0.660742 0.917969 0.673438 0.907617 0.762891 0.888086 0.831836 0.862891 0.893945 0.827148 0.928516 0.801953 0.938672 0.800781 0.951367 0.764062 0.946875 0.731836 0.945703 0.593945 0.937695 0.548047 0.921484 0.585938 0.905469 0.598633 0.899609 0.633008 0.837695 0.662891 0.791797 0.677930 0.746875 0.685937 0.692969 0.684766 0.658398 0.673242 0.583789 0.669727 0.484961 0.656055 0.440234 0.642188 0.373437 0.605469 0.388477 0.659375 0.398828 0.734180 0.404492 0.825000
12 0.296484 0.754883 0.306836 0.844531 0.314844 0.881250 0.332227 0.914453 0.357422 0.933984 0.379297 0.938672 0.408008 0.935156 0.428711 0.916797 0.435547 0.890430 0.416016 0.873242 0.404492 0.831836 0.396484 0.713477 0.381641 0.636523 0.363086 0.580273 0.336719 0.559570 0.316016 0.576758 0.296484 0.630664 0.293164 0.690430 0.296484 0.754883
12 0.046680 0.532227 0.060547 0.597266 0.075195 0.609766 0.092773 0.564453 0.071289 0.399023 0.062500 0.397656 0.059570 0.399609 0.043945 0.434570 0.046680 0.532227
5 0.276367 0.406055 0.287695 0.357422 0.265234 0.196680 0.249219 0.145313 0.235352 0.127539 0.201563 0.119922 0.155859 0.301367 0.138086 0.436914 0.152148 0.589258 0.155859 0.592969 0.270703 0.706055 0.276367 0.406055
1 0.082031 0.226562 0.068945 0.294727 0.063281 0.345313 0.105273 0.540625 0.149219 0.585352 0.134375 0.437695 0.145508 0.353711 0.199805 0.120898 0.162305 0.129297 0.119336 0.158398 0.082031 0.226562
16 0.290625 0.140625 0.290625 0.145313 0.289062 0.146875 0.287500 0.146875 0.285937 0.148438 0.271875 0.148438 0.271875 0.176563 0.276563 0.176563 0.278125 0.178125 0.278125 0.179688 0.279687 0.181250 0.279687 0.187500 0.281250 0.189063 0.281250 0.195312 0.282813 0.196875 0.282813 0.204688 0.284375 0.206250 0.284375 0.210938 0.285937 0.212500 0.285937 0.217187 0.287500 0.218750 0.287500 0.223438 0.289062 0.225000 0.289062 0.232812 0.290625 0.234375 0.290625 0.240625 0.292188 0.242188 0.292188 0.251563 0.293750 0.253125 0.293750 0.257812 0.295312 0.259375 0.295312 0.267188 0.296875 0.268750 0.296875 0.275000 0.298438 0.276563 0.298438 0.285937 0.300000 0.287500 0.300000 0.290625 0.301562 0.292188 0.301562 0.293750 0.303125 0.295312 0.303125 0.300000 0.304688 0.301562 0.304688 0.306250 0.306250 0.307813 0.306250 0.312500 0.307813 0.314063 0.307813 0.318750 0.309375 0.320312 0.309375 0.321875 0.310937 0.323438 0.310937 0.326562 0.312500 0.328125 0.312500 0.329688 0.314063 0.331250 0.314063 0.332812 0.315625 0.334375 0.315625 0.335938 0.318750 0.339063 0.318750 0.340625 0.328125 0.350000 0.329688 0.350000 0.331250 0.351562 0.334375 0.351562 0.335938 0.353125 0.339063 0.353125 0.340625 0.354688 0.354688 0.354688 0.356250 0.356250 0.370313 0.356250 0.371875 0.357812 0.381250 0.357812 0.382812 0.356250 0.384375 0.356250 0.385938 0.357812 0.398438 0.357812 0.400000 0.359375 0.400000 0.364062 0.429688 0.364062 0.429688 0.359375 0.431250 0.357812 0.435937 0.357812 0.437500 0.356250 0.445312 0.356250 0.446875 0.354688 0.454688 0.354688 0.456250 0.353125 0.462500 0.353125 0.464063 0.351562 0.468750 0.351562 0.470313 0.350000 0.489062 0.350000 0.490625 0.348437 0.504687 0.348437 0.506250 0.346875 0.521875 0.346875 0.523438 0.345313 0.534375 0.345313 0.535937 0.343750 0.540625 0.343750 0.542188 0.342187 0.546875 0.342187 0.548437 0.340625 0.554688 0.340625 0.556250 0.339063 0.560938 0.339063 0.562500 0.337500 0.573438 0.337500 0.575000 0.335938 0.601562 0.335938 0.603125 0.334375 0.610937 0.334375 0.612500 0.332812 0.632812 0.332812 0.634375 0.331250 0.643750 0.331250 0.645312 0.329688 0.651563 0.329688 0.653125 0.328125 0.657812 0.328125 0.659375 0.326562 0.660937 0.326562 0.662500 0.325000 0.664062 0.325000 0.667188 0.321875 0.668750 0.321875 0.668750 0.320312 0.671875 0.317187 0.676562 0.317187 0.676562 0.304688 0.670313 0.304688 0.668750 0.303125 0.668750 0.301562 0.667188 0.300000 0.667188 0.298438 0.660937 0.292188 0.660937 0.290625 0.657812 0.287500 0.657812 0.285937 0.656250 0.284375 0.656250 0.282813 0.654688 0.281250 0.654688 0.279687 0.653125 0.278125 0.653125 0.276563 0.650000 0.273438 0.650000 0.271875 0.648438 0.270312 0.648438 0.268750 0.646875 0.267188 0.646875 0.265625 0.643750 0.262500 0.643750 0.260938 0.639063 0.256250 0.639063 0.254687 0.635938 0.251563 0.635938 0.250000 0.632812 0.246875 0.632812 0.245312 0.631250 0.243750 0.631250 0.242188 0.629687 0.242188 0.626562 0.239063 0.626562 0.237500 0.620313 0.231250 0.620313 0.229687 0.612500 0.221875 0.612500 0.220313 0.610937 0.218750 0.610937 0.217187 0.601562 0.207813 0.601562 0.206250 0.592188 0.196875 0.592188 0.195312 0.581250 0.184375 0.581250 0.182812 0.557813 0.159375 0.556250 0.159375 0.553125 0.156250 0.551562 0.156250 0.545313 0.150000 0.543750 0.150000 0.539062 0.145313 0.539062 0.140625
