9 0.274609 0.284961 0.274609 0.253906 0.263281 0.243555 0.224219 0.242383 0.211523 0.259570 0.206836 0.283789 0.209180 0.306836 0.225391 0.330859 0.262109 0.329688 0.273633 0.306836 0.281641 0.288281 0.274609 0.284961
9 0.951367 0.269922 0.939844 0.234375 0.916992 0.230859 0.889453 0.232031 0.877930 0.241211 0.874414 0.278125 0.852539 0.284961 0.853711 0.318164 0.881250 0.324023 0.931836 0.319336 0.945703 0.297656 0.951367 0.269922
6 0.387305 0.305664 0.410352 0.295312 0.579102 0.295312 0.697461 0.298633 0.723828 0.305664 0.762891 0.290625 0.806641 0.279102 0.805469 0.267773 0.812305 0.236719 0.793945 0.096484 0.696289 0.086133 0.619336 0.084961 0.482617 0.092969 0.373437 0.106836 0.332227 0.184961 0.302344 0.271094 0.301172 0.282617 0.343555 0.298633 0.387305 0.305664
8 0.244922 0.351562 0.240234 0.369922 0.255078 0.385937 0.293164 0.399805 0.349414 0.413672 0.405664 0.416992 0.536719 0.416992 0.627344 0.413672 0.694141 0.405469 0.748047 0.394141 0.804297 0.377930 0.831836 0.364258 0.829688 0.343555 0.838867 0.318164 0.841016 0.297656 0.823828 0.269922 0.805469 0.279102 0.723828 0.303320 0.655078 0.297656 0.503320 0.295312 0.412500 0.297656 0.389648 0.307812 0.331055 0.296484 0.302344 0.282617 0.280469 0.290625 0.265430 0.320508 0.262109 0.334375 0.244922 0.351562
7 0.357422 0.421680 0.324023 0.408984 0.284961 0.399805 0.240234 0.381445 0.235547 0.427344 0.243750 0.449219 0.311523 0.476758 0.326367 0.460742 0.363086 0.432031 0.357422 0.421680
7 0.819336 0.434375 0.829688 0.404492 0.833008 0.384961 0.831836 0.365430 0.759570 0.389453 0.694141 0.405469 0.671094 0.416992 0.668750 0.429688 0.699805 0.460742 0.715820 0.471094 0.743359 0.464062 0.819336 0.434375
4 0.716992 0.473438 0.706641 0.466406 0.674609 0.433203 0.672266 0.419336 0.692969 0.405469 0.659570 0.411328 0.530859 0.416992 0.350586 0.413672 0.359766 0.433203 0.317188 0.476758 0.281641 0.466406 0.232227 0.444531 0.201172 0.466406 0.189648 0.485938 0.187305 0.620313 0.189648 0.704297 0.193164 0.743359 0.202344 0.778906 0.221875 0.806445 0.268945 0.811133 0.313672 0.809961 0.308008 0.783594 0.452734 0.781250 0.565430 0.785937 0.742383 0.786914 0.751563 0.808789 0.829688 0.803125 0.846875 0.789258 0.859570 0.752539 0.869922 0.706641 0.865234 0.678906 0.865234 0.653711 0.869922 0.601953 0.870898 0.508984 0.874414 0.472266 0.858398 0.457227 0.833008 0.444531 0.819336 0.440039 0.800977 0.440039 0.716992 0.473438
12 0.205469 0.890625 0.221289 0.923242 0.274414 0.920898 0.300000 0.911133 0.315234 0.861914 0.317578 0.814063 0.228906 0.809570 0.193945 0.776953 0.193359 0.777734 0.195508 0.839063 0.205469 0.890625
12 0.794727 0.864844 0.812891 0.905078 0.840234 0.914062 0.876563 0.911914 0.885742 0.894336 0.891797 0.776172 0.887891 0.561914 0.878906 0.539844 0.871289 0.574805 0.866797 0.672461 0.868359 0.733789 0.847852 0.795117 0.798633 0.811133 0.789453 0.811133 0.789453 0.836133 0.794727 0.864844
12 0.893945 0.807227 0.897070 0.855078 0.933398 0.854297 0.943945 0.835352 0.946289 0.722461 0.947070 0.654297 0.937891 0.536914 0.933398 0.613281 0.935742 0.683789 0.918359 0.730078 0.892578 0.742188 0.895508 0.742188 0.898633 0.775391 0.893945 0.807227
12 0.369727 0.864844 0.424414 0.860352 0.437891 0.820898 0.387305 0.816406 0.349414 0.818555 0.347852 0.816406 0.351562 0.842187 0.369727 0.864844
14 0.778125 0.101562 0.775000 0.101562 0.775000 0.107813 0.778125 0.107813 0.778125 0.101562 0.782812 0.093750 0.784375 0.092188 0.785937 0.092188 0.787500 0.090625 0.789062 0.090625 0.790625 0.089062 0.795313 0.089062 0.795313 0.087500 0.790625 0.087500 0.789062 0.085938 0.789062 0.082813 0.787500 0.081250 0.787500 0.073437 0.785937 0.071875 0.785937 0.060938 0.784375 0.059375 0.784375 0.056250 0.782812 0.054688 0.782812 0.053125 0.776563 0.053125 0.775000 0.051562 0.771875 0.051562 0.770312 0.050000 0.762500 0.050000 0.760938 0.048437 0.754687 0.048437 0.753125 0.046875 0.750000 0.046875 0.748438 0.045313 0.748438 0.040625 0.518750 0.040625 0.518750 0.045313 0.517187 0.046875 0.512500 0.046875 0.510938 0.048437 0.501562 0.048437 0.500000 0.050000 0.485938 0.050000 0.484375 0.051562 0.471875 0.051562 0.470313 0.053125 0.464063 0.053125 0.462500 0.054688 0.448438 0.054688 0.446875 0.056250 0.442187 0.056250 0.440625 0.057813 0.432813 0.057813 0.431250 0.059375 0.426562 0.059375 0.425000 0.060938 0.423438 0.060938 0.421875 0.062500 0.418750 0.062500 0.415625 0.065625 0.412500 0.065625 0.410937 0.067188 0.409375 0.067188 0.406250 0.070312 0.404687 0.070312 0.401563 0.073437 0.400000 0.073437 0.396875 0.076563 0.395312 0.076563 0.395312 0.078125 0.392188 0.081250 0.392188 0.082813 0.389062 0.085938 0.384375 0.085938 0.384375 0.101562 0.414062 0.101562 0.415625 0.100000 0.429688 0.100000 0.431250 0.098438 0.440625 0.098438 0.442187 0.096875 0.448438 0.096875 0.450000 0.095312 0.462500 0.095312 0.464063 0.093750 0.479688 0.093750 0.481250 0.092188 0.506250 0.092188 0.507812 0.090625 0.517187 0.090625 0.518750 0.092188 0.529688 0.092188 0.531250 0.090625 0.545313 0.090625 0.546875 0.089062 0.559375 0.089062 0.560938 0.087500 0.565625 0.087500 0.567187 0.089062 0.578125 0.089062 0.579687 0.090625 0.579687 0.092188 0.582812 0.095312 0.582812 0.096875 0.581250 0.098438 0.581250 0.100000 0.579687 0.101562 0.579687 0.107813 0.612500 0.107813 0.612500 0.101562 0.607813 0.096875 0.610937 0.093750 0.614062 0.093750 0.620313 0.087500 0.651563 0.087500 0.653125 0.085938 0.678125 0.085938 0.679688 0.087500 0.693750 0.087500 0.695312 0.089062 0.717188 0.089062 0.718750 0.090625 0.739062 0.090625 0.740625 0.092188 0.753125 0.092188 0.754687 0.093750 0.782812 0.093750
