6 0.354524 0.295932 0.324372 0.312601 0.399806 0.337206 0.488093 0.353164 0.557789 0.344222 0.643232 0.214815 0.592468 0.204130 0.495272 0.194021 0.452757 0.215855 0.426132 0.241106 0.354524 0.295932
8 0.436361 0.415319 0.501210 0.400173 0.517340 0.351357 0.494727 0.355082 0.390390 0.338249 0.321053 0.310951 0.287358 0.312132 0.243291 0.319745 0.201891 0.333650 0.167325 0.364886 0.149270 0.393708 0.264686 0.448192 0.297088 0.449195 0.394191 0.443119 0.406209 0.431988 0.436361 0.415319
7 0.240188 0.473742 0.187000 0.539243 0.295632 0.525517 0.334711 0.511286 0.394191 0.443119 0.264061 0.452640 0.240188 0.473742
4 0.092089 0.561997 0.077119 0.610976 0.115395 0.668425 0.170694 0.729647 0.247234 0.778667 0.283269 0.786098 0.336942 0.776087 0.340917 0.714123 0.356152 0.647825 0.389665 0.566542 0.414117 0.532899 0.359935 0.538104 0.345261 0.510599 0.300542 0.522854 0.278600 0.530223 0.187163 0.538082 0.206157 0.509589 0.269029 0.450972 0.225613 0.428697 0.144523 0.395210 0.120697 0.424405 0.121639 0.449980 0.112105 0.460277 0.101340 0.487757 0.094208 0.521665 0.092089 0.561997
9 0.673489 0.329320 0.630014 0.317293 0.604753 0.323013 0.594730 0.336791 0.592612 0.377123 0.617771 0.387562 0.648524 0.391884 0.666612 0.378253 0.679562 0.352066 0.673489 0.329320
5 0.574693 0.355868 0.560628 0.389984 0.556189 0.429990 0.552763 0.478225 0.531672 0.702669 0.711933 0.667650 0.717441 0.611622 0.742776 0.480473 0.747631 0.429086 0.747341 0.398869 0.741785 0.372448 0.744173 0.281071 0.741216 0.219316 0.706178 0.213208 0.679920 0.217604 0.650094 0.231952 0.621672 0.268588 0.574693 0.355868
1 0.742782 0.373771 0.749037 0.403643 0.748212 0.441790 0.712574 0.670107 0.730231 0.660952 0.769194 0.655975 0.788606 0.641346 0.855932 0.476653 0.870921 0.435960 0.878349 0.398544 0.872124 0.369859 0.852971 0.340541 0.844793 0.290675 0.828496 0.266295 0.811384 0.247717 0.776789 0.230035 0.743374 0.220802 0.741302 0.342203 0.742782 0.373771
3 0.926549 0.386778 0.906399 0.356136 0.908403 0.399415 0.922308 0.440815 0.926549 0.386778
12 0.467082 0.807197 0.497968 0.736195 0.506494 0.683944 0.504632 0.605973 0.490565 0.565733 0.470327 0.545532 0.436094 0.540721 0.409260 0.559040 0.394296 0.574293 0.375779 0.606404 0.357312 0.647988 0.348597 0.726840 0.350583 0.761831 0.357047 0.798636 0.367261 0.832615 0.389151 0.850878 0.414799 0.857836 0.438065 0.849469 0.448015 0.827791 0.467082 0.807197
12 0.827395 0.584275 0.809179 0.663369 0.807086 0.678262 0.816898 0.717904 0.836408 0.746089 0.850909 0.734123 0.874043 0.691617 0.886968 0.654381 0.894398 0.605723 0.890461 0.538308 0.880801 0.517227 0.865714 0.515107 0.852567 0.527263 0.839166 0.549639 0.827395 0.584275
