6 0.499363 0.306013 0.390646 0.342199 0.369738 0.366044 0.350794 0.388430 0.287392 0.490236 0.370594 0.463356 0.462033 0.445969 0.527019 0.436836 0.647142 0.425673 0.657993 0.403242 0.660227 0.319499 0.664716 0.277055 0.604045 0.283215 0.557759 0.292087 0.499363 0.306013
9 0.263892 0.463363 0.260466 0.488104 0.265176 0.506179 0.288273 0.479659 0.303083 0.453121 0.263892 0.463363
9 0.788542 0.398898 0.776616 0.371581 0.761071 0.369032 0.733501 0.370737 0.719560 0.379600 0.720385 0.417747 0.700835 0.427397 0.706037 0.447573 0.717937 0.449450 0.740613 0.438177 0.781635 0.424128 0.788542 0.398898
8 0.358084 0.523101 0.438096 0.514223 0.482876 0.511479 0.513257 0.512929 0.538772 0.503624 0.564837 0.508047 0.589879 0.488354 0.609728 0.480831 0.628164 0.463251 0.650233 0.439243 0.647977 0.423189 0.597883 0.430230 0.547521 0.433955 0.386291 0.459967 0.283911 0.490726 0.243825 0.518449 0.227710 0.535704 0.215489 0.565231 0.228759 0.560013 0.243921 0.561235 0.260987 0.550750 0.300205 0.540702 0.329815 0.528257 0.358084 0.523101
7 0.552484 0.535226 0.542728 0.573874 0.539629 0.600936 0.657406 0.564660 0.669962 0.496823 0.659939 0.483045 0.639646 0.478993 0.615663 0.482364 0.584107 0.487982 0.566160 0.509044 0.552484 0.535226
4 0.216601 0.647518 0.182788 0.637083 0.173495 0.679019 0.184186 0.763509 0.181295 0.783639 0.182761 0.819329 0.189847 0.861330 0.201656 0.879393 0.272830 0.882013 0.290731 0.869044 0.330854 0.873859 0.416964 0.867674 0.452836 0.859082 0.483751 0.855920 0.507017 0.864287 0.712853 0.827272 0.699552 0.773325 0.695094 0.741606 0.691356 0.623792 0.698760 0.586658 0.660561 0.561850 0.615389 0.578652 0.536473 0.603746 0.540570 0.575361 0.552647 0.536386 0.565997 0.507884 0.543547 0.505319 0.517227 0.515921 0.464696 0.514034 0.358247 0.524261 0.269914 0.548312 0.249215 0.565225 0.216650 0.565068 0.216601 0.647518
7 0.215581 0.549045 0.197798 0.571268 0.189939 0.589728 0.186540 0.614663 0.186076 0.636621 0.212777 0.652591 0.215979 0.568712 0.215581 0.549045
12 0.714954 0.826780 0.662119 0.836770 0.661620 0.837431 0.680476 0.890203 0.700070 0.897706 0.749889 0.890112 0.762707 0.877463 0.764858 0.805763 0.756781 0.725836 0.732711 0.645790 0.710741 0.601739 0.697861 0.605521 0.692951 0.639346 0.703660 0.764661 0.714954 0.826780
12 0.346843 0.875359 0.297850 0.871988 0.270557 0.885488 0.240612 0.887133 0.253949 0.913266 0.278486 0.933485 0.322509 0.923945 0.346096 0.888284 0.346843 0.875359
12 0.855524 0.739374 0.864815 0.759172 0.881683 0.775341 0.915920 0.769149 0.921534 0.741733 0.912650 0.664483 0.900694 0.601866 0.885344 0.574044 0.884316 0.613043 0.888548 0.683847 0.896108 0.723611 0.856053 0.737524 0.855524 0.739374
5 0.772008 0.734544 0.840061 0.700917 0.837846 0.581311 0.815711 0.464505 0.720267 0.275165 0.702150 0.273963 0.684096 0.281629 0.679736 0.303937 0.676751 0.365498 0.684709 0.388442 0.718912 0.470417 0.772008 0.734544
1 0.816046 0.462683 0.839714 0.586177 0.841530 0.698738 0.868935 0.684631 0.876519 0.652994 0.875469 0.568332 0.867151 0.472660 0.818652 0.385791 0.774339 0.316084 0.726229 0.276891 0.722361 0.277434 0.816046 0.462683
