2 0.409496 0.288235 0.446952 0.346120 0.464351 0.349707 0.544117 0.334183 0.637760 0.322234 0.715778 0.318145 0.675772 0.278779 0.620892 0.239214 0.543861 0.239731 0.484361 0.246369 0.429521 0.256089 0.395612 0.265885 0.409496 0.288235
11 0.778615 0.352795 0.768487 0.334941 0.755329 0.326438 0.724031 0.318886 0.627423 0.322776 0.552113 0.333764 0.475920 0.350274 0.451633 0.345875 0.454494 0.359415 0.476768 0.366463 0.492441 0.378158 0.497837 0.395282 0.520965 0.396222 0.535195 0.428920 0.563986 0.537914 0.587298 0.542364 0.733083 0.513992 0.754375 0.506031 0.762817 0.491703 0.771431 0.391114 0.766479 0.363797 0.778615 0.352795
3 0.448093 0.476121 0.500065 0.482590 0.555289 0.502579 0.523233 0.398450 0.494377 0.396441 0.400314 0.400393 0.397458 0.413060 0.413979 0.440945 0.423846 0.476219 0.448093 0.476121
3 0.772218 0.406132 0.769148 0.455775 0.807283 0.414660 0.797614 0.364512 0.784354 0.350343 0.766305 0.360481 0.772218 0.406132
0 0.728669 0.649957 0.774837 0.631499 0.792987 0.627028 0.807081 0.630983 0.828485 0.625167 0.822378 0.486234 0.805065 0.417124 0.770441 0.458054 0.762939 0.494043 0.750998 0.505035 0.730804 0.515285 0.698744 0.519313 0.620271 0.537116 0.591661 0.539789 0.561461 0.534526 0.555534 0.507260 0.536474 0.494372 0.451409 0.475948 0.428343 0.472462 0.435206 0.495181 0.436289 0.515856 0.430178 0.529867 0.412202 0.537654 0.381496 0.545131 0.370653 0.558412 0.392647 0.627277 0.403056 0.672889 0.419061 0.713317 0.478806 0.711360 0.535914 0.703869 0.558193 0.692335 0.694392 0.656447 0.728669 0.649957
9 0.221769 0.397038 0.221917 0.377472 0.215535 0.363920 0.198678 0.370671 0.187712 0.381611 0.185274 0.402275 0.198494 0.411948 0.220462 0.413144 0.231652 0.410210 0.233277 0.396434 0.221769 0.397038
12 0.345049 0.708004 0.362505 0.776129 0.372817 0.797494 0.428990 0.794550 0.434806 0.771166 0.439920 0.715745 0.418075 0.716890 0.381497 0.589919 0.357224 0.567135 0.341440 0.594365 0.340378 0.659940 0.345049 0.708004
1 0.271969 0.526424 0.287352 0.640814 0.328677 0.656838 0.323729 0.562436 0.342995 0.482216 0.376538 0.316171 0.356173 0.263453 0.341803 0.254232 0.309815 0.259624 0.268549 0.438787 0.271969 0.526424
5 0.305945 0.260414 0.299282 0.263892 0.277586 0.286543 0.251523 0.330350 0.232667 0.369867 0.224196 0.424683 0.235796 0.608703 0.285003 0.633310 0.267373 0.464861 0.271592 0.422199 0.308450 0.259696 0.305966 0.260804 0.305945 0.260414
12 0.767630 0.635789 0.672698 0.671666 0.670747 0.671768 0.685533 0.700135 0.712724 0.711422 0.737095 0.706233 0.757189 0.686600 0.767630 0.635789
12 0.188922 0.572630 0.202343 0.645856 0.213906 0.672436 0.240268 0.671641 0.252337 0.636978 0.228945 0.623535 0.220932 0.604984 0.208713 0.528565 0.198842 0.508155 0.191603 0.515576 0.191695 0.517331 0.188922 0.572630
