9 0.893945 0.192969 0.849219 0.186133 0.836523 0.209180 0.831836 0.233203 0.829688 0.267773 0.903125 0.257422 0.922656 0.240039 0.919141 0.210156 0.893945 0.192969
9 0.353906 0.179297 0.356250 0.197656 0.365430 0.212500 0.396484 0.171094 0.372266 0.164258 0.353906 0.179297
6 0.394141 0.186133 0.370117 0.221680 0.353906 0.252734 0.380469 0.260742 0.511328 0.276953 0.572266 0.290625 0.634375 0.295312 0.765234 0.288281 0.780273 0.230859 0.790625 0.068945 0.652734 0.065430 0.588281 0.067773 0.541211 0.072461 0.498828 0.080469 0.476953 0.096484 0.420703 0.152734 0.394141 0.186133
8 0.508008 0.278125 0.417187 0.267773 0.376953 0.257422 0.347070 0.245898 0.336719 0.235547 0.278125 0.266602 0.144922 0.349219 0.109180 0.391797 0.091992 0.433203 0.081641 0.537695 0.081641 0.584766 0.093164 0.615820 0.117383 0.644531 0.156445 0.681250 0.196484 0.705469 0.288477 0.734180 0.334375 0.742188 0.398828 0.741016 0.475781 0.644531 0.549219 0.567578 0.648047 0.472266 0.733203 0.381445 0.762891 0.336719 0.767578 0.304492 0.754883 0.290625 0.684766 0.297656 0.600977 0.294141 0.508008 0.278125
7 0.401172 0.742188 0.495312 0.744531 0.534375 0.739844 0.568750 0.733008 0.612500 0.717969 0.645703 0.700781 0.665234 0.610156 0.694141 0.525000 0.681445 0.438867 0.645703 0.476758 0.489453 0.628516 0.401172 0.742188
12 0.725391 0.876367 0.751953 0.852930 0.770117 0.779492 0.794336 0.626367 0.797461 0.559766 0.787500 0.521875 0.779102 0.524023 0.752734 0.597656 0.707227 0.832422 0.706445 0.834766 0.714844 0.867383 0.725391 0.876367
12 0.908984 0.425586 0.924023 0.365625 0.931641 0.307227 0.928711 0.269531 0.907422 0.369531 0.904492 0.372461 0.902930 0.414062 0.908984 0.425586
5 0.830273 0.405859 0.813477 0.564844 0.880273 0.429297 0.901367 0.260352 0.847656 0.042969 0.834766 0.042188 0.810547 0.101953 0.807422 0.230859 0.808984 0.226953 0.813477 0.317969 0.830273 0.405859
1 0.883203 0.414062 0.902930 0.376953 0.928711 0.246680 0.908984 0.142969 0.885547 0.074023 0.865820 0.050586 0.852930 0.040625 0.849023 0.040625 0.903711 0.264062 0.883203 0.414062
18 0.075000 0.240625 0.075000 0.246875 0.073437 0.248437 0.073437 0.250000 0.071875 0.251563 0.071875 0.256250 0.070312 0.257812 0.070312 0.267188 0.068750 0.268750 0.068750 0.271875 0.067188 0.273438 0.067188 0.276563 0.065625 0.278125 0.065625 0.282813 0.064062 0.284375 0.064062 0.290625 0.062500 0.292188 0.062500 0.298438 0.060938 0.300000 0.060938 0.314063 0.059375 0.315625 0.060938 0.317187 0.060938 0.337500 0.059375 0.339063 0.059375 0.340625 0.057813 0.342187 0.053125 0.342187 0.053125 0.362500 0.057813 0.362500 0.059375 0.364062 0.060938 0.364062 0.062500 0.365625 0.062500 0.370313 0.087500 0.370313 0.087500 0.365625 0.089062 0.364062 0.090625 0.364062 0.092188 0.362500 0.093750 0.362500 0.095312 0.360938 0.096875 0.360938 0.101562 0.356250 0.101562 0.354688 0.103125 0.353125 0.103125 0.351562 0.104687 0.350000 0.104687 0.346875 0.106250 0.345313 0.106250 0.342187 0.107813 0.340625 0.107813 0.337500 0.109375 0.335938 0.114063 0.335938 0.114063 0.276563 0.109375 0.276563 0.107813 0.275000 0.107813 0.273438 0.106250 0.271875 0.106250 0.270312 0.104687 0.268750 0.104687 0.267188 0.103125 0.265625 0.103125 0.264062 0.101562 0.262500 0.101562 0.260938 0.100000 0.259375 0.100000 0.257812 0.098438 0.256250 0.098438 0.251563 0.096875 0.250000 0.096875 0.248437 0.095312 0.246875 0.095312 0.240625
