9 0.255326 0.208182 0.231340 0.205480 0.202790 0.206400 0.189750 0.223596 0.181923 0.250087 0.188719 0.267904 0.208463 0.279290 0.266922 0.291715 0.270203 0.254674 0.269467 0.229957 0.255326 0.208182
8 0.847267 0.435039 0.821318 0.391785 0.778695 0.387517 0.602798 0.358316 0.376149 0.325515 0.332281 0.310200 0.323370 0.324879 0.318375 0.348378 0.334123 0.433992 0.354342 0.444080 0.367144 0.456186 0.383090 0.480741 0.435818 0.491949 0.454851 0.501984 0.844159 0.543601 0.874394 0.539445 0.878040 0.516658 0.896080 0.504119 0.885430 0.481888 0.847267 0.435039
6 0.712618 0.190170 0.686163 0.153996 0.505762 0.107464 0.367343 0.089823 0.353090 0.140906 0.327024 0.240993 0.323275 0.275539 0.326113 0.300703 0.337038 0.316004 0.366024 0.323363 0.566882 0.350682 0.679906 0.371311 0.811395 0.388677 0.795521 0.358147 0.783320 0.321609 0.760822 0.278090 0.712618 0.190170
7 0.273530 0.426903 0.264235 0.530755 0.280181 0.555310 0.346551 0.591582 0.411625 0.611404 0.417216 0.602010 0.413497 0.580053 0.394208 0.505468 0.381975 0.474713 0.367387 0.455040 0.348102 0.440557 0.290445 0.418717 0.273530 0.426903
7 0.914441 0.611255 0.918181 0.571116 0.912950 0.534661 0.899571 0.503663 0.881235 0.518535 0.880666 0.537184 0.885896 0.573638 0.875975 0.637223 0.914441 0.611255
4 0.850890 0.910239 0.875254 0.894252 0.887058 0.855628 0.892328 0.825199 0.892310 0.798040 0.897895 0.760490 0.917807 0.716600 0.926448 0.670315 0.922913 0.620244 0.917689 0.611945 0.878998 0.634271 0.886596 0.575983 0.882227 0.541110 0.847841 0.543186 0.798988 0.540989 0.651346 0.522585 0.482032 0.506564 0.455753 0.503374 0.433282 0.492608 0.380067 0.483692 0.400759 0.524432 0.419561 0.601310 0.411625 0.611404 0.357335 0.596270 0.283417 0.556997 0.265837 0.534490 0.231239 0.531928 0.212252 0.731163 0.193492 0.803451 0.211234 0.841167 0.233136 0.870583 0.272356 0.896491 0.300824 0.911926 0.340647 0.922787 0.467276 0.946109 0.519324 0.950183 0.582665 0.961251 0.736308 0.945787 0.810650 0.927644 0.850890 0.910239
5 0.329101 0.062126 0.309602 0.074954 0.304488 0.092437 0.253602 0.205020 0.210526 0.289312 0.184290 0.460649 0.197424 0.566074 0.218168 0.456268 0.262344 0.302923 0.307448 0.215667 0.337567 0.116241 0.336719 0.065742 0.329101 0.062126
1 0.205822 0.307681 0.207025 0.284175 0.317010 0.067343 0.296291 0.076517 0.242743 0.155589 0.214833 0.205166 0.192033 0.275797 0.177159 0.388048 0.177806 0.391580 0.183255 0.444854 0.205822 0.307681
12 0.190154 0.797550 0.209623 0.733200 0.229283 0.528917 0.217612 0.540613 0.203374 0.584111 0.195252 0.622320 0.193870 0.619431 0.172832 0.782287 0.177945 0.822111 0.190154 0.797550
12 0.173627 0.347362 0.162563 0.429474 0.162080 0.434563 0.158343 0.468113 0.161903 0.484244 0.171644 0.492904 0.180216 0.331391 0.173627 0.347362
9 0.808696 0.307435 0.788116 0.301862 0.787307 0.299094 0.788182 0.325038 0.803428 0.363222 0.820778 0.353931 0.821861 0.324410 0.808696 0.307435
