6 0.325195 0.398047 0.379102 0.412891 0.531250 0.434375 0.585156 0.435742 0.616211 0.430469 0.634961 0.414258 0.684961 0.278125 0.503125 0.258008 0.457227 0.258008 0.431641 0.272852 0.310352 0.384570 0.325195 0.398047
9 0.697070 0.373828 0.687500 0.394141 0.683594 0.412891 0.679492 0.430469 0.742773 0.425000 0.749609 0.399414 0.738672 0.383203 0.697070 0.373828
12 0.521875 0.806250 0.554297 0.822461 0.590625 0.823828 0.614844 0.815625 0.636328 0.791406 0.659375 0.740234 0.667383 0.706641 0.666016 0.670117 0.660547 0.633789 0.788600 0.602192 0.828906 0.600195 0.837109 0.625781 0.876172 0.627148 0.896289 0.609570 0.907031 0.578516 0.915234 0.534180 0.916602 0.485742 0.909766 0.462695 0.894922 0.451953 0.882812 0.470898 0.873437 0.499219 0.854688 0.582617 0.778523 0.602691 0.657603 0.608681 0.650781 0.614909 0.645898 0.605469 0.637449 0.609679 0.638216 0.599219 0.622852 0.586719 0.586523 0.581250 0.564258 0.605566 0.566913 0.613173 0.556836 0.613672 0.538086 0.689063 0.529883 0.744336 0.529883 0.783398 0.515234 0.792773 0.521875 0.806250
8 0.433008 0.422266 0.373633 0.411523 0.327930 0.395313 0.307812 0.382031 0.206641 0.423633 0.159570 0.453320 0.131250 0.508594 0.127148 0.546289 0.128516 0.583984 0.155469 0.613672 0.193164 0.633789 0.253906 0.647266 0.340039 0.645898 0.395313 0.582617 0.435742 0.552930 0.543359 0.495117 0.601367 0.468164 0.606836 0.445312 0.600000 0.434375 0.575781 0.435742 0.539453 0.434375 0.433008 0.422266
7 0.379102 0.602930 0.342773 0.644531 0.418164 0.644531 0.450586 0.640625 0.482812 0.632422 0.493555 0.600195 0.515234 0.563867 0.525977 0.538281 0.521875 0.508594 0.472070 0.530078 0.419531 0.566406 0.379102 0.602930
4 0.236328 0.644531 0.190625 0.635156 0.159570 0.613672 0.127148 0.583984 0.109766 0.554297 0.099023 0.588086 0.099023 0.674219 0.105664 0.711914 0.158203 0.746875 0.225586 0.775195 0.298242 0.796875 0.365625 0.806250 0.419531 0.804883 0.528711 0.782031 0.533984 0.709180 0.558203 0.612305 0.488281 0.633789 0.442383 0.643164 0.295508 0.648633 0.236328 0.644531
7 0.147461 0.465430 0.128516 0.489648 0.115039 0.519336 0.111133 0.552930 0.127148 0.577344 0.129883 0.527344 0.132617 0.503125 0.147461 0.465430
9 0.329297 0.333398 0.329297 0.350977 0.340039 0.360352 0.362891 0.325391 0.352148 0.319922 0.329297 0.333398
5 0.803320 0.594727 0.799414 0.540820 0.802148 0.466797 0.799414 0.419727 0.788672 0.388672 0.768359 0.284961 0.756250 0.248633 0.717187 0.270117 0.697070 0.299805 0.682227 0.342969 0.667383 0.388672 0.658008 0.437109 0.666016 0.513867 0.668750 0.563867 0.671484 0.676953 0.803320 0.594727
1 0.833008 0.271484 0.788672 0.253906 0.763086 0.251367 0.783203 0.340234 0.791211 0.391406 0.800781 0.421094 0.803320 0.503125 0.800781 0.543555 0.807422 0.594727 0.850586 0.567773 0.858594 0.543555 0.884180 0.422266 0.882812 0.390039 0.867969 0.361719 0.859961 0.330664 0.849219 0.301172 0.833008 0.271484
3 0.932813 0.355078 0.921875 0.336133 0.915234 0.349609 0.919336 0.379297 0.938086 0.385937 0.932813 0.355078
