9 0.777415 0.284550 0.767257 0.301198 0.758649 0.329431 0.737761 0.334369 0.724725 0.377495 0.817964 0.371370 0.838159 0.335920 0.837656 0.299943 0.822963 0.284187 0.777415 0.284550
9 0.213754 0.285583 0.224541 0.306871 0.256514 0.258738 0.274491 0.230833 0.255687 0.226463 0.227186 0.231135 0.214940 0.251619 0.213754 0.285583
8 0.193596 0.482265 0.297496 0.495469 0.415002 0.499572 0.430691 0.486831 0.583815 0.450356 0.645381 0.422214 0.676629 0.400440 0.668653 0.354625 0.615424 0.356675 0.562202 0.358530 0.507550 0.350954 0.462404 0.339801 0.367799 0.329071 0.269360 0.327393 0.228182 0.308952 0.208655 0.325273 0.114018 0.371412 0.114982 0.399783 0.151261 0.446586 0.150334 0.473132 0.193596 0.482265
7 0.477037 0.569944 0.538008 0.564452 0.576271 0.554453 0.618901 0.531317 0.639157 0.494111 0.647765 0.465878 0.645313 0.424166 0.608607 0.445554 0.499540 0.473992 0.445786 0.491071 0.404904 0.520131 0.471603 0.512884 0.444960 0.565111 0.477037 0.569944
7 0.116341 0.523148 0.114084 0.481442 0.116700 0.456909 0.146360 0.480615 0.149105 0.452373 0.112893 0.403619 0.104588 0.372842 0.078537 0.408087 0.065164 0.466445 0.089993 0.516560 0.116341 0.523148
12 0.659798 0.977547 0.675263 0.954440 0.689740 0.802900 0.699627 0.620517 0.691568 0.593852 0.665442 0.586491 0.660145 0.631841 0.646789 0.650527 0.632633 0.714525 0.625423 0.764304 0.638413 0.812052 0.637615 0.834890 0.623851 0.865287 0.609088 0.868289 0.596142 0.875264 0.590839 0.948756 0.599223 0.971719 0.659798 0.977547
12 0.878286 0.664279 0.864731 0.677485 0.831566 0.698216 0.831895 0.699986 0.833423 0.728963 0.839907 0.755964 0.892302 0.766588 0.906895 0.751658 0.919593 0.712625 0.925537 0.665538 0.931095 0.545541 0.923276 0.495238 0.909186 0.484583 0.901827 0.505042 0.889309 0.639648 0.878286 0.664279
5 0.729797 0.383339 0.731159 0.377915 0.743118 0.443997 0.748244 0.543456 0.738674 0.755946 0.832578 0.691606 0.853031 0.419303 0.805226 0.131717 0.776617 0.139512 0.753841 0.164905 0.740108 0.216801 0.730137 0.284072 0.716665 0.322883 0.729797 0.383339
1 0.853833 0.418744 0.833078 0.688497 0.877799 0.655858 0.899143 0.531527 0.915238 0.328059 0.897132 0.281305 0.876637 0.202221 0.858904 0.150399 0.821582 0.133461 0.807791 0.131025 0.805819 0.131542 0.853833 0.418744
6 0.353480 0.319386 0.487450 0.338917 0.631110 0.349601 0.677823 0.349474 0.731720 0.143612 0.586725 0.120764 0.465342 0.115744 0.382807 0.117552 0.311003 0.192631 0.230574 0.302000 0.231421 0.305743 0.353480 0.319386
4 0.621857 0.530639 0.602529 0.552438 0.479230 0.574320 0.441162 0.567519 0.468203 0.515110 0.400507 0.522909 0.419859 0.505996 0.148677 0.475810 0.146627 0.484142 0.119201 0.463641 0.120009 0.524449 0.086370 0.519561 0.060223 0.468031 0.014207 0.582510 0.014396 0.705834 0.008603 0.715013 0.021580 0.746344 0.065592 0.795566 0.457016 0.885844 0.615056 0.859703 0.635130 0.822100 0.621119 0.770016 0.643090 0.644535 0.658220 0.586238 0.621857 0.530639
