9 0.290820 0.286133 0.278125 0.271094 0.274609 0.240039 0.264453 0.222852 0.248242 0.208008 0.203516 0.214844 0.183984 0.229687 0.176953 0.255078 0.183984 0.278125 0.231055 0.294141 0.270117 0.290625 0.279297 0.298633 0.290820 0.297656 0.290820 0.286133
5 0.205859 0.062109 0.182812 0.055078 0.166797 0.053906 0.155273 0.067773 0.158594 0.081641 0.146094 0.137891 0.140234 0.214844 0.123047 0.275781 0.120703 0.335547 0.128711 0.463086 0.128711 0.521680 0.204687 0.574414 0.308008 0.652539 0.302344 0.579102 0.300000 0.389453 0.309180 0.340039 0.309180 0.308984 0.284961 0.211328 0.250586 0.118359 0.229883 0.080469 0.205859 0.062109
6 0.381641 0.300977 0.450391 0.302148 0.527539 0.287305 0.636523 0.260742 0.673438 0.249219 0.680273 0.240039 0.627344 0.200000 0.574609 0.135547 0.513672 0.078125 0.456250 0.065430 0.414844 0.064258 0.329883 0.068945 0.258594 0.080469 0.321875 0.236719 0.337891 0.266602 0.349414 0.284961 0.363086 0.295312 0.381641 0.300977
8 0.545898 0.432031 0.642383 0.487109 0.681445 0.514648 0.759570 0.590625 0.795117 0.648047 0.823828 0.643359 0.861719 0.630664 0.891602 0.615820 0.933008 0.579102 0.946875 0.560742 0.957227 0.534180 0.961719 0.497461 0.937695 0.388281 0.918164 0.360742 0.891602 0.330859 0.858398 0.306836 0.815820 0.281445 0.737695 0.248242 0.691797 0.232031 0.676758 0.245898 0.657227 0.256250 0.489453 0.296484 0.455078 0.303320 0.418359 0.305664 0.383789 0.298633 0.376953 0.308984 0.386133 0.340039 0.405664 0.363086 0.545898 0.432031
7 0.581445 0.588281 0.591797 0.611133 0.600977 0.643359 0.668750 0.656055 0.710156 0.658398 0.765234 0.658398 0.791797 0.651367 0.772266 0.614648 0.712500 0.542188 0.649219 0.489453 0.532031 0.425000 0.520508 0.421680 0.520508 0.456055 0.526367 0.497461 0.559570 0.545703 0.581445 0.588281
4 0.518359 0.831836 0.525195 0.861719 0.616992 0.898438 0.665234 0.913281 0.722852 0.912305 0.772266 0.903125 0.805469 0.890430 0.840039 0.870898 0.852539 0.852539 0.901953 0.805469 0.952539 0.725000 0.980078 0.627344 0.980078 0.525000 0.965234 0.495117 0.948047 0.564063 0.930664 0.587109 0.911133 0.604297 0.879102 0.623828 0.842187 0.638867 0.773242 0.656055 0.684766 0.661719 0.620508 0.650195 0.565430 0.635352 0.468945 0.591602 0.488477 0.645703 0.500977 0.707812 0.518359 0.831836
12 0.352734 0.745703 0.363086 0.789258 0.383789 0.841016 0.421680 0.889258 0.447070 0.901953 0.468945 0.904102 0.486133 0.896094 0.508984 0.877734 0.516016 0.861719 0.513672 0.817969 0.499805 0.700781 0.489453 0.649219 0.472266 0.595117 0.452734 0.556055 0.433203 0.532031 0.420703 0.522656 0.404492 0.520508 0.370117 0.544531 0.350586 0.585938 0.340234 0.623828 0.343555 0.680078 0.352734 0.745703
1 0.097852 0.073828 0.070117 0.094141 0.030273 0.233594 0.030859 0.291016 0.070117 0.483594 0.128125 0.517773 0.122461 0.268945 0.138281 0.222852 0.156641 0.087109 0.152148 0.072656 0.162305 0.054883 0.159766 0.054883 0.135742 0.058008 0.097852 0.073828
12 0.008203 0.395898 0.017578 0.468164 0.035937 0.522266 0.053320 0.534375 0.087500 0.524414 0.086523 0.514453 0.067578 0.496875 0.048633 0.387695 0.028125 0.334180 0.014453 0.342773 0.013867 0.343359 0.008789 0.362305 0.008203 0.395898
15 0.893750 0.696875 0.893750 0.706250 0.892187 0.707812 0.892187 0.712500 0.890625 0.714063 0.890625 0.718750 0.889063 0.720312 0.889063 0.721875 0.885938 0.725000 0.885938 0.726562 0.881250 0.731250 0.881250 0.732813 0.875000 0.739062 0.873438 0.739062 0.870313 0.742188 0.868750 0.742188 0.865625 0.745313 0.864062 0.745313 0.860937 0.748438 0.859375 0.748438 0.857813 0.750000 0.856250 0.750000 0.854688 0.751562 0.853125 0.751562 0.846875 0.757812 0.845312 0.757812 0.840625 0.762500 0.839063 0.762500 0.834375 0.767187 0.828125 0.767187 0.828125 0.826563 0.843750 0.826563 0.843750 0.821875 0.846875 0.818750 0.848437 0.818750 0.854688 0.812500 0.856250 0.812500 0.864062 0.804688 0.864062 0.803125 0.882812 0.784375 0.882812 0.782812 0.890625 0.775000 0.890625 0.773438 0.893750 0.770312 0.893750 0.767187 0.895312 0.765625 0.895312 0.762500 0.896875 0.760938 0.896875 0.759375 0.898438 0.757812 0.898438 0.756250 0.900000 0.754687 0.900000 0.751562 0.901563 0.750000 0.901563 0.745313 0.903125 0.743750 0.903125 0.739062 0.904688 0.737500 0.904688 0.735937 0.906250 0.734375 0.906250 0.729688 0.907812 0.728125 0.907812 0.726562 0.909375 0.725000 0.914062 0.725000 0.914062 0.696875
