6 0.292773 0.241016 0.271680 0.292578 0.261133 0.377344 0.280664 0.381836 0.465430 0.377344 0.519922 0.380273 0.813672 0.383398 0.827344 0.375781 0.800000 0.313672 0.756055 0.244141 0.736523 0.236523 0.707617 0.233594 0.612305 0.228906 0.503320 0.228906 0.445703 0.230469 0.333789 0.234961 0.292773 0.241016
9 0.165625 0.333398 0.130859 0.348633 0.124805 0.366797 0.126367 0.384961 0.158008 0.398438 0.186914 0.400000 0.201953 0.359180 0.212695 0.333398 0.165625 0.333398
9 0.939258 0.350000 0.913672 0.337891 0.860547 0.334961 0.854492 0.345508 0.853125 0.365234 0.860547 0.383398 0.848437 0.383398 0.851562 0.398438 0.868164 0.401562 0.934766 0.398438 0.954492 0.380273 0.952930 0.365234 0.939258 0.350000
8 0.683398 0.377344 0.495703 0.375781 0.270117 0.380273 0.258008 0.368164 0.247461 0.368164 0.241406 0.401562 0.232227 0.424219 0.241406 0.434961 0.261133 0.445508 0.351953 0.462109 0.408008 0.468164 0.765234 0.466602 0.812109 0.462109 0.889453 0.443945 0.884766 0.425781 0.866602 0.409180 0.848437 0.386328 0.842383 0.365234 0.822852 0.365234 0.824219 0.380273 0.812109 0.383398 0.683398 0.377344
7 0.277734 0.512109 0.300391 0.512109 0.318555 0.500000 0.389844 0.504492 0.376172 0.487891 0.365430 0.462109 0.289844 0.448437 0.265625 0.447070 0.239844 0.436328 0.224805 0.443945 0.230859 0.474219 0.241406 0.502930 0.277734 0.512109
7 0.857617 0.515039 0.889453 0.510547 0.902930 0.501563 0.908984 0.478711 0.902930 0.445508 0.839453 0.456055 0.804688 0.460547 0.780469 0.495508 0.784961 0.504492 0.842383 0.502930 0.857617 0.515039
4 0.212695 0.705859 0.230859 0.734570 0.282227 0.737695 0.694141 0.739258 0.904492 0.733203 0.921094 0.705859 0.931836 0.654492 0.933203 0.534766 0.930273 0.515039 0.913672 0.480273 0.907617 0.495508 0.892383 0.508984 0.854492 0.513672 0.843945 0.502930 0.786523 0.502930 0.778906 0.493945 0.804688 0.462109 0.784961 0.466602 0.450391 0.466602 0.368555 0.463672 0.394336 0.507617 0.320117 0.502930 0.304883 0.513672 0.255078 0.508984 0.235352 0.495508 0.214062 0.524219 0.194531 0.562109 0.192969 0.592383 0.212695 0.705859
12 0.137695 0.864844 0.147070 0.876172 0.173633 0.875586 0.174219 0.772656 0.180469 0.712109 0.158398 0.667969 0.148438 0.604883 0.138867 0.618750 0.137695 0.619922 0.133203 0.702734 0.137695 0.864844
12 0.174805 0.863672 0.176758 0.879492 0.187500 0.891992 0.224805 0.901563 0.282813 0.893945 0.296680 0.876953 0.297266 0.872461 0.298047 0.787891 0.288477 0.748047 0.236719 0.739844 0.210938 0.698242 0.192578 0.594727 0.181836 0.609766 0.179883 0.609180 0.180469 0.703320 0.174805 0.863672
12 0.930469 0.886328 0.936328 0.662891 0.908398 0.739844 0.828906 0.745508 0.825195 0.745508 0.823828 0.886328 0.930469 0.886328
