9 0.241344 0.430983 0.225132 0.443223 0.215494 0.458314 0.248420 0.442136 0.257936 0.428210 0.241344 0.430983
9 0.577011 0.436216 0.572627 0.446164 0.570842 0.472489 0.548238 0.468935 0.563290 0.490155 0.622869 0.483849 0.622702 0.463014 0.613490 0.451637 0.599442 0.443287 0.577011 0.436216
6 0.296276 0.448344 0.522362 0.462876 0.533064 0.448879 0.569700 0.363766 0.474420 0.358465 0.355157 0.360855 0.325411 0.378546 0.288899 0.408291 0.248994 0.447891 0.296276 0.448344
8 0.452282 0.458849 0.344131 0.454552 0.249463 0.443424 0.226034 0.457065 0.196840 0.480706 0.165737 0.513179 0.194619 0.524267 0.258351 0.534500 0.328503 0.535982 0.445873 0.531036 0.492725 0.524373 0.525542 0.464389 0.452282 0.458849
7 0.469218 0.561180 0.483272 0.548910 0.497070 0.526008 0.419907 0.535180 0.387490 0.535308 0.355098 0.568824 0.397912 0.568807 0.407125 0.580184 0.439337 0.570805 0.469218 0.561180
7 0.202093 0.529765 0.182187 0.522960 0.166227 0.508517 0.151264 0.531297 0.144805 0.547900 0.159857 0.569121 0.170068 0.559786 0.194605 0.569238 0.202093 0.529765
5 0.579170 0.382043 0.578004 0.381921 0.557370 0.423154 0.542197 0.472227 0.560317 0.505358 0.563010 0.595587 0.556310 0.698575 0.637022 0.702345 0.638891 0.628503 0.651705 0.527139 0.645417 0.456171 0.624793 0.364647 0.601872 0.362238 0.579170 0.382043
1 0.652710 0.547473 0.638902 0.699401 0.677976 0.705079 0.699530 0.600902 0.707134 0.522949 0.697412 0.458494 0.667357 0.398775 0.632921 0.367661 0.625376 0.364708 0.649644 0.485092 0.652710 0.547473
12 0.488862 0.727425 0.452050 0.735732 0.450986 0.734639 0.453209 0.763938 0.486907 0.775924 0.512229 0.776033 0.526049 0.760399 0.538075 0.722582 0.547809 0.669206 0.544847 0.617048 0.536408 0.587095 0.524292 0.577181 0.507620 0.588194 0.485178 0.702686 0.488862 0.727425
12 0.652445 0.746190 0.650084 0.748102 0.653738 0.774998 0.671539 0.790616 0.699479 0.791982 0.714790 0.777095 0.728789 0.733593 0.731692 0.666733 0.723782 0.616805 0.712291 0.614026 0.703838 0.625314 0.691578 0.670962 0.681528 0.736678 0.652445 0.746190
12 0.198891 0.713445 0.148062 0.718707 0.152125 0.745451 0.172779 0.765689 0.207425 0.763046 0.228276 0.740296 0.236635 0.716823 0.198891 0.713445
12 0.410093 0.731323 0.381438 0.733024 0.382870 0.734353 0.389273 0.759378 0.421968 0.769688 0.437210 0.764809 0.447654 0.736449 0.410093 0.731323
4 0.523460 0.549599 0.510911 0.517643 0.496109 0.527675 0.472990 0.560791 0.406716 0.580338 0.397984 0.569993 0.349445 0.568427 0.381438 0.536832 0.263791 0.538803 0.206591 0.528078 0.201827 0.528559 0.199778 0.568603 0.170672 0.563384 0.160920 0.570215 0.142832 0.546122 0.129423 0.569064 0.118784 0.655339 0.118544 0.691253 0.165123 0.707735 0.454902 0.732890 0.482326 0.709260 0.502516 0.571357 0.523460 0.549599
