8 0.620117 0.412891 0.657813 0.418359 0.808789 0.415625 0.842383 0.411523 0.867969 0.396680 0.862695 0.375195 0.842383 0.358984 0.812695 0.341602 0.749414 0.319922 0.717187 0.313281 0.574414 0.317188 0.467969 0.325391 0.439648 0.330664 0.446484 0.357617 0.469336 0.375195 0.578320 0.406250 0.620117 0.412891
6 0.393945 0.204102 0.419531 0.291602 0.435547 0.313281 0.474609 0.322656 0.621484 0.314648 0.727930 0.314648 0.695508 0.272852 0.649805 0.201367 0.614844 0.174414 0.477344 0.166406 0.422070 0.170508 0.396484 0.173242 0.388477 0.179883 0.393945 0.204102
9 0.387109 0.324023 0.387109 0.303906 0.377734 0.275586 0.362891 0.270117 0.331836 0.272852 0.316992 0.284961 0.315820 0.309180 0.321094 0.328125 0.342578 0.336133 0.375000 0.336133 0.389844 0.346875 0.399219 0.325391 0.387109 0.324023
5 0.284766 0.316016 0.269922 0.382031 0.267188 0.486914 0.271289 0.600195 0.302344 0.609570 0.380469 0.620313 0.387109 0.411523 0.404687 0.302539 0.388477 0.232422 0.372266 0.186719 0.353516 0.165039 0.329297 0.158398 0.310352 0.157031 0.290234 0.263477 0.284766 0.316016
7 0.630859 0.478906 0.671289 0.478906 0.637695 0.434375 0.622852 0.426367 0.554102 0.414258 0.501563 0.394141 0.486719 0.390039 0.504297 0.419727 0.528516 0.451953 0.556836 0.470898 0.630859 0.478906
1 0.197266 0.547656 0.206641 0.581250 0.236328 0.588086 0.269922 0.600195 0.267188 0.395313 0.294141 0.247266 0.307617 0.154297 0.249805 0.157031 0.206641 0.224414 0.189062 0.262109 0.175586 0.283594 0.155469 0.340234 0.151367 0.371094 0.155469 0.415625 0.168945 0.439844 0.190430 0.503125 0.197266 0.547656
3 0.098828 0.317188 0.097461 0.352344 0.119141 0.332031 0.125781 0.311914 0.109570 0.307812 0.098828 0.317188
2 0.187695 0.266016 0.195898 0.243164 0.210742 0.214844 0.236328 0.174414 0.164844 0.178516 0.143359 0.208203 0.124414 0.275586 0.187695 0.266016
12 0.152734 0.724023 0.173047 0.706641 0.185156 0.640625 0.185547 0.629362 0.399219 0.643164 0.401953 0.714648 0.406055 0.748242 0.414062 0.782031 0.428906 0.812891 0.454492 0.841211 0.489453 0.841211 0.521875 0.837305 0.535352 0.806250 0.540625 0.755078 0.533984 0.741602 0.498828 0.733594 0.500000 0.667634 0.659883 0.696914 0.721680 0.726172 0.730859 0.758203 0.752734 0.796094 0.792773 0.805469 0.836523 0.800781 0.853711 0.757031 0.861719 0.669727 0.782422 0.692773 0.651055 0.692734 0.492148 0.617500 0.493555 0.608203 0.484180 0.571875 0.469336 0.551562 0.438281 0.555664 0.168196 0.505740 0.164844 0.509961 0.158105 0.501172 0.158550 0.503957 0.139258 0.500391 0.128516 0.523438 0.124766 0.544453 0.119141 0.575977 0.129883 0.699805 0.152734 0.724023
4 0.500195 0.616406 0.511133 0.659375 0.535352 0.666211 0.644336 0.654102 0.711719 0.654102 0.890820 0.635156 0.900391 0.606836 0.908398 0.540820 0.905664 0.511328 0.900391 0.483008 0.882812 0.492383 0.862695 0.488281 0.862695 0.449219 0.858594 0.423633 0.869336 0.402148 0.866602 0.398047 0.845117 0.414258 0.698242 0.419727 0.608008 0.414258 0.547461 0.400781 0.493555 0.383203 0.489453 0.390039 0.537891 0.407617 0.574414 0.418359 0.632227 0.427734 0.671289 0.465430 0.680859 0.484375 0.554102 0.468164 0.525781 0.454688 0.486719 0.501758 0.473242 0.523438 0.481445 0.565039 0.500195 0.616406
18 0.145313 0.484375 0.145313 0.490625 0.143750 0.492188 0.143750 0.493750 0.142188 0.495313 0.142188 0.496875 0.137500 0.501562 0.137500 0.503125 0.134375 0.506250 0.134375 0.507812 0.131250 0.510938 0.131250 0.512500 0.129688 0.514063 0.129688 0.515625 0.126563 0.518750 0.126563 0.520312 0.123438 0.523438 0.123438 0.526563 0.121875 0.528125 0.121875 0.532812 0.120312 0.534375 0.115625 0.534375 0.115625 0.679688 0.120312 0.679688 0.121875 0.681250 0.121875 0.689062 0.123438 0.690625 0.123438 0.695312 0.125000 0.696875 0.125000 0.700000 0.126563 0.701563 0.126563 0.703125 0.128125 0.704687 0.128125 0.707812 0.129688 0.709375 0.129688 0.714063 0.131250 0.715625 0.131250 0.717188 0.134375 0.720312 0.134375 0.721875 0.140625 0.728125 0.142188 0.728125 0.145313 0.731250 0.146875 0.731250 0.150000 0.734375 0.150000 0.739062 0.198437 0.739062 0.198437 0.734375 0.200000 0.732813 0.201562 0.732813 0.210938 0.723437 0.210938 0.721875 0.214062 0.718750 0.214062 0.715625 0.215625 0.714063 0.215625 0.712500 0.217187 0.710938 0.217187 0.706250 0.218750 0.704687 0.218750 0.701563 0.221875 0.698438 0.226562 0.698438 0.226562 0.645312 0.218750 0.645312 0.217187 0.643750 0.214062 0.643750 0.212500 0.642187 0.209375 0.642187 0.206250 0.639063 0.204688 0.639063 0.203125 0.637500 0.203125 0.635938 0.201562 0.634375 0.201562 0.632812 0.200000 0.631250 0.200000 0.617188 0.201562 0.615625 0.201562 0.598437 0.200000 0.596875 0.200000 0.587500 0.198437 0.585938 0.198437 0.578125 0.196875 0.576563 0.196875 0.573438 0.195312 0.571875 0.195312 0.564062 0.193750 0.562500 0.193750 0.559375 0.192188 0.557813 0.192188 0.551562 0.190625 0.550000 0.190625 0.546875 0.189063 0.545313 0.189063 0.543750 0.187500 0.542188 0.187500 0.539062 0.185937 0.537500 0.185937 0.534375 0.184375 0.532812 0.184375 0.526563 0.182812 0.525000 0.182812 0.523438 0.181250 0.521875 0.181250 0.518750 0.179688 0.517187 0.179688 0.514063 0.178125 0.512500 0.178125 0.510938 0.176563 0.509375 0.176563 0.507812 0.173438 0.504687 0.173438 0.503125 0.171875 0.501562 0.171875 0.500000 0.170312 0.498437 0.170312 0.496875 0.168750 0.495313 0.168750 0.484375
