9 0.430204 0.340190 0.424721 0.358711 0.427711 0.379986 0.420751 0.379584 0.436353 0.393762 0.484562 0.377519 0.483325 0.350475 0.469458 0.338815 0.447421 0.336389 0.430204 0.340190
8 0.261991 0.400713 0.210316 0.410539 0.175103 0.421011 0.095742 0.447154 0.062997 0.465365 0.046846 0.486569 0.057271 0.493388 0.208725 0.466580 0.366089 0.415865 0.379011 0.381506 0.358086 0.388391 0.261991 0.400713
6 0.178400 0.416405 0.286947 0.394444 0.335294 0.390411 0.380365 0.381315 0.393539 0.369799 0.419310 0.272492 0.346197 0.284148 0.258526 0.308698 0.249003 0.318123 0.202553 0.374945 0.178400 0.416405
7 0.187851 0.511721 0.223043 0.510917 0.280315 0.493203 0.301832 0.480712 0.311758 0.464328 0.335861 0.432341 0.234062 0.463019 0.202668 0.482421 0.187851 0.511721
4 0.043543 0.627265 0.047245 0.663430 0.062988 0.688435 0.087493 0.698601 0.121333 0.696606 0.244500 0.683240 0.332312 0.669519 0.339769 0.645394 0.355517 0.534309 0.322987 0.506338 0.304727 0.483067 0.272765 0.497026 0.244721 0.500967 0.215113 0.512031 0.183790 0.512292 0.206158 0.477788 0.239094 0.460931 0.337022 0.432178 0.331066 0.427690 0.281316 0.441388 0.240067 0.458033 0.041955 0.499485 0.026232 0.563034 0.043543 0.627265
5 0.424032 0.430995 0.437420 0.458895 0.447109 0.498361 0.463418 0.614408 0.512928 0.608830 0.560944 0.592615 0.571272 0.569271 0.545894 0.408346 0.531315 0.381796 0.492235 0.258102 0.457041 0.260287 0.436097 0.275458 0.421068 0.313072 0.412349 0.357689 0.414697 0.394044 0.424032 0.430995
1 0.642281 0.377049 0.592345 0.302413 0.576983 0.280115 0.556396 0.259932 0.493589 0.257911 0.498504 0.283058 0.509804 0.305926 0.533240 0.385668 0.545894 0.408346 0.574882 0.585134 0.633485 0.576897 0.638785 0.517772 0.659828 0.434541 0.651874 0.397593 0.642281 0.377049
3 0.685163 0.383250 0.710573 0.408278 0.710359 0.368862 0.677875 0.369285 0.685163 0.383250
12 0.336186 0.715324 0.363701 0.786208 0.407989 0.781364 0.426176 0.776047 0.443872 0.756006 0.452945 0.713904 0.446484 0.639864 0.433357 0.594176 0.412628 0.563165 0.392965 0.549558 0.357393 0.547655 0.350294 0.584154 0.221446 0.654628 0.336186 0.715324
12 0.191875 0.783138 0.210544 0.760200 0.214913 0.733748 0.221446 0.654628 0.092598 0.725101 0.100220 0.749867 0.115153 0.778931 0.134816 0.792538 0.158396 0.796127 0.191875 0.783138
12 0.672304 0.499452 0.657994 0.500083 0.656641 0.500273 0.649930 0.524095 0.645202 0.574659 0.645374 0.620787 0.657734 0.651199 0.681176 0.655202 0.700182 0.641683 0.710755 0.620079 0.711223 0.584117 0.707907 0.560521 0.700149 0.534788 0.685479 0.511801 0.672304 0.499452
