6 0.660271 0.184284 0.631592 0.188936 0.538314 0.209077 0.433043 0.237284 0.377793 0.253706 0.270855 0.287010 0.232804 0.303474 0.225775 0.358739 0.237526 0.443347 0.257555 0.442631 0.434862 0.390471 0.488256 0.379197 0.772805 0.306187 0.784040 0.295291 0.741552 0.242375 0.681109 0.186587 0.660271 0.184284
9 0.103114 0.468443 0.109324 0.485584 0.143375 0.490412 0.171700 0.484440 0.175662 0.441118 0.179365 0.413435 0.133899 0.425618 0.104261 0.449331 0.103114 0.468443
9 0.908018 0.266722 0.902617 0.252600 0.885468 0.241423 0.857619 0.236348 0.805546 0.247268 0.802428 0.259023 0.806213 0.278431 0.818083 0.294055 0.806386 0.297189 0.813297 0.310907 0.830142 0.309629 0.893665 0.289373 0.908018 0.266722
8 0.402903 0.493058 0.747553 0.399092 0.791668 0.382621 0.861675 0.345057 0.852446 0.328726 0.830604 0.317391 0.807144 0.300019 0.795836 0.281211 0.776971 0.286266 0.782184 0.300439 0.771296 0.306592 0.645404 0.334056 0.463699 0.381126 0.246963 0.443851 0.232132 0.435288 0.221944 0.438018 0.224740 0.471846 0.221737 0.496106 0.233384 0.504106 0.255168 0.509188 0.347191 0.501718 0.402903 0.493058
7 0.233357 0.544756 0.250976 0.569759 0.288442 0.569223 0.310326 0.563359 0.324737 0.546962 0.394760 0.532850 0.377257 0.520352 0.360208 0.498230 0.283659 0.504587 0.259912 0.509535 0.232229 0.505831 0.219674 0.517081 0.233357 0.544756
7 0.849324 0.421968 0.878913 0.409390 0.889605 0.397223 0.889539 0.373583 0.875097 0.343079 0.816513 0.369695 0.784094 0.383032 0.769749 0.423070 0.776414 0.430586 0.831475 0.414215 0.849324 0.421968
4 0.892565 0.390162 0.881338 0.407122 0.845952 0.421457 0.832984 0.413810 0.777519 0.428672 0.767836 0.421965 0.784499 0.384542 0.766607 0.393986 0.443437 0.480579 0.363631 0.498930 0.399908 0.534706 0.327005 0.549387 0.315070 0.563706 0.265749 0.572069 0.243207 0.564157 0.230074 0.597400 0.221015 0.639054 0.227341 0.668700 0.275765 0.773205 0.300741 0.796236 0.351167 0.785960 0.749450 0.680858 0.951067 0.620567 0.960026 0.589858 0.957107 0.537461 0.927440 0.421460 0.919505 0.403164 0.894471 0.373879 0.892565 0.390162
12 0.244469 0.946183 0.256457 0.954699 0.281962 0.947258 0.255888 0.847684 0.246254 0.787583 0.213512 0.750658 0.187562 0.692300 0.181907 0.708172 0.181079 0.709607 0.198173 0.790760 0.244469 0.946183
12 0.272096 0.766302 0.227570 0.671065 0.221087 0.688372 0.219048 0.688312 0.243980 0.779093 0.280011 0.935447 0.285992 0.950223 0.299603 0.959516 0.338114 0.959105 0.392174 0.936734 0.401170 0.916732 0.400574 0.912241 0.379440 0.830350 0.359883 0.794341 0.307766 0.799813 0.272096 0.766302
12 1.000000 0.695970 0.963620 0.544410 0.956559 0.625970 0.881241 0.652015 0.877657 0.652976 0.912783 0.789351 1.000000 0.765982 1.000000 0.695970
