9 0.610849 0.384587 0.608669 0.407215 0.608874 0.440118 0.646883 0.437630 0.675647 0.424527 0.675108 0.395689 0.661755 0.377960 0.626187 0.373141 0.610849 0.384587
6 0.412310 0.461332 0.535582 0.439123 0.563156 0.419485 0.583252 0.294210 0.474659 0.307508 0.346934 0.341645 0.319203 0.373697 0.272852 0.446846 0.254409 0.496293 0.412310 0.461332
7 0.377862 0.603635 0.388825 0.623269 0.513347 0.587217 0.498332 0.568244 0.503222 0.506703 0.465341 0.522942 0.423816 0.548341 0.377862 0.603635
7 0.110482 0.635509 0.126776 0.582526 0.107623 0.582604 0.090400 0.612422 0.085089 0.664468 0.114264 0.666454 0.110482 0.635509
12 0.535555 0.834487 0.569017 0.842550 0.613388 0.837112 0.641055 0.818852 0.662825 0.778482 0.661029 0.739751 0.661968 0.735934 0.670590 0.737678 0.814001 0.706578 0.857162 0.708272 0.871916 0.738232 0.888796 0.759404 0.955519 0.749215 0.962863 0.713310 0.960163 0.654580 0.952851 0.613603 0.932155 0.549114 0.907408 0.517234 0.887931 0.515783 0.878162 0.541222 0.878692 0.575653 0.893314 0.651018 0.892147 0.671832 0.852243 0.698285 0.823561 0.704505 0.660375 0.725809 0.654003 0.685312 0.645966 0.654074 0.624378 0.617329 0.591998 0.581481 0.561211 0.572850 0.541176 0.595079 0.151017 0.845938 0.176901 0.883166 0.210491 0.904980 0.254661 0.905175 0.281760 0.884240 0.298258 0.864160 0.312216 0.837532 0.306436 0.829620 0.316869 0.828656 0.307282 0.816463 0.498497 0.774997 0.498345 0.807853 0.535555 0.834487
8 0.206746 0.505026 0.168865 0.521265 0.137797 0.549833 0.122480 0.582042 0.197310 0.577118 0.351767 0.545685 0.405598 0.527454 0.442342 0.505866 0.527719 0.466952 0.535097 0.443420 0.460257 0.453936 0.206746 0.505026
9 0.246615 0.466201 0.249119 0.445102 0.209744 0.474038 0.218223 0.494200 0.246615 0.466201
3 0.924896 0.385325 0.895857 0.391498 0.899228 0.407354 0.933914 0.434326 0.940855 0.460406 0.952699 0.457888 0.946484 0.422069 0.924896 0.385325
5 0.685142 0.300107 0.661933 0.262310 0.629210 0.277452 0.607387 0.316635 0.595105 0.368765 0.586160 0.424379 0.639980 0.586458 0.655982 0.668318 0.667347 0.708633 0.720937 0.695844 0.799133 0.668241 0.791085 0.610648 0.761498 0.510909 0.747729 0.439556 0.713999 0.371049 0.685142 0.300107
1 0.869866 0.443946 0.830456 0.336511 0.758601 0.283096 0.719897 0.269158 0.668428 0.260929 0.697157 0.318120 0.727151 0.394411 0.754259 0.450548 0.760033 0.497443 0.784669 0.580463 0.800755 0.669294 0.865244 0.648598 0.871853 0.628024 0.872319 0.552248 0.874464 0.517248 0.880421 0.487029 0.869866 0.443946
4 0.416111 0.621064 0.382150 0.625686 0.375175 0.587234 0.431846 0.534454 0.405252 0.530522 0.245021 0.572368 0.126227 0.584640 0.114924 0.679891 0.084708 0.680523 0.084350 0.682596 0.094163 0.737218 0.096330 0.796261 0.110718 0.839528 0.217049 0.832501 0.340047 0.819336 0.438456 0.793826 0.534697 0.775965 0.549366 0.756673 0.534388 0.616689 0.543732 0.575167 0.493460 0.602626 0.416111 0.621064
