9 0.261791 0.231619 0.281166 0.200418 0.263762 0.199352 0.273828 0.155798 0.269317 0.140175 0.218644 0.133053 0.200905 0.142788 0.194778 0.156917 0.189365 0.157537 0.180579 0.180759 0.186968 0.184418 0.185301 0.204696 0.222108 0.223478 0.261791 0.231619
9 0.762143 0.214959 0.738918 0.204792 0.717452 0.203156 0.711276 0.207810 0.713081 0.224434 0.723295 0.258413 0.750248 0.279952 0.759319 0.272943 0.762902 0.257274 0.765919 0.235805 0.762143 0.214959
6 0.601281 0.071251 0.491383 0.050481 0.333022 0.034930 0.326183 0.063948 0.316144 0.107309 0.299976 0.212528 0.333835 0.222810 0.376911 0.216635 0.513831 0.228975 0.662957 0.252694 0.704747 0.264090 0.713370 0.242029 0.701280 0.221395 0.663925 0.119502 0.645972 0.083055 0.601281 0.071251
8 0.726052 0.268268 0.602806 0.244241 0.424284 0.217770 0.374013 0.217608 0.336733 0.221836 0.294609 0.221241 0.278535 0.258429 0.286727 0.277331 0.322490 0.323184 0.312350 0.346216 0.418591 0.374756 0.455969 0.389476 0.474871 0.381285 0.528793 0.383538 0.740563 0.406397 0.758183 0.417157 0.824056 0.403142 0.815625 0.376119 0.810252 0.345582 0.726052 0.268268
7 0.397791 0.483466 0.397674 0.456231 0.410116 0.425240 0.454235 0.391994 0.412012 0.372451 0.312540 0.344862 0.300217 0.355358 0.289866 0.419187 0.291862 0.434457 0.333133 0.460770 0.397791 0.483466
7 0.755714 0.424897 0.780266 0.471936 0.771391 0.516840 0.828094 0.490886 0.830371 0.435389 0.823485 0.407203 0.766683 0.414210 0.755714 0.424897
4 0.397913 0.464352 0.398601 0.487524 0.350776 0.469955 0.305256 0.445807 0.288344 0.430018 0.298863 0.355168 0.312160 0.347570 0.322920 0.329950 0.294086 0.282507 0.268441 0.253065 0.250752 0.272275 0.227126 0.353370 0.239474 0.390410 0.243372 0.488982 0.210486 0.481599 0.203152 0.523959 0.201655 0.582326 0.207998 0.663491 0.224120 0.683508 0.329557 0.747240 0.328111 0.767351 0.320249 0.783997 0.343118 0.795298 0.365367 0.801186 0.398636 0.807242 0.462416 0.808120 0.472320 0.814837 0.561247 0.820629 0.576087 0.811867 0.659819 0.816731 0.675111 0.824403 0.706333 0.804334 0.743213 0.794527 0.751642 0.772439 0.761473 0.771256 0.769141 0.754583 0.813070 0.722691 0.834989 0.693031 0.845077 0.659145 0.855428 0.595315 0.858731 0.553572 0.844810 0.468778 0.841079 0.406915 0.820706 0.387681 0.825431 0.412999 0.831345 0.438287 0.830279 0.455691 0.835051 0.489102 0.771791 0.522419 0.783974 0.475021 0.763693 0.435485 0.738829 0.408915 0.629361 0.394911 0.475461 0.385510 0.450766 0.397029 0.409926 0.426593 0.397913 0.464352
12 0.243887 0.910539 0.257010 0.850847 0.278048 0.725011 0.521279 0.715434 0.653663 0.818430 0.664107 0.892874 0.673441 0.916275 0.699022 0.941961 0.735057 0.949392 0.761448 0.942647 0.776229 0.920268 0.798920 0.865471 0.813829 0.801493 0.821969 0.721115 0.814625 0.718406 0.772816 0.755100 0.764295 0.773625 0.748599 0.770236 0.740450 0.794534 0.722778 0.796784 0.700210 0.808602 0.678151 0.825225 0.513492 0.709375 0.178639 0.448855 0.172590 0.451014 0.170852 0.442796 0.163064 0.436738 0.165037 0.432149 0.155277 0.430679 0.146711 0.434373 0.147490 0.424621 0.161261 0.422717 0.146157 0.384987 0.130947 0.425846 0.110798 0.556074 0.106123 0.587046 0.105806 0.629998 0.111735 0.662191 0.135559 0.668563 0.146184 0.661436 0.147471 0.671750 0.162816 0.669224 0.141025 0.849536 0.140556 0.886549 0.147827 0.926032 0.169877 0.941753 0.216789 0.946177 0.243887 0.910539
5 0.198371 0.413429 0.290723 0.188546 0.323243 0.034345 0.309485 0.021367 0.307951 0.026673 0.220415 0.243949 0.173456 0.474225 0.179052 0.493354 0.198371 0.413429
1 0.195376 0.225638 0.170021 0.445341 0.173832 0.444890 0.204777 0.303288 0.236708 0.193972 0.308712 0.021258 0.277693 0.045497 0.195376 0.225638
