6 0.699600 0.418595 0.680324 0.369244 0.635989 0.296468 0.568592 0.271487 0.514531 0.255598 0.467305 0.245698 0.464696 0.276967 0.470748 0.367965 0.592530 0.392673 0.699600 0.418595
8 0.705089 0.420865 0.681975 0.413323 0.503555 0.374337 0.480307 0.372578 0.494813 0.391361 0.527223 0.404657 0.566057 0.456118 0.625461 0.479253 0.659145 0.487030 0.673097 0.483035 0.772759 0.500231 0.780166 0.508956 0.793414 0.513218 0.813719 0.512092 0.798071 0.493045 0.768781 0.466238 0.727661 0.440308 0.705089 0.420865
7 0.526837 0.467108 0.532266 0.489609 0.545952 0.512814 0.580410 0.537206 0.605706 0.550062 0.647529 0.557312 0.630642 0.493278 0.617658 0.477452 0.614847 0.479208 0.590474 0.467568 0.571970 0.460891 0.531625 0.451576 0.526837 0.467108
7 0.820029 0.509941 0.795171 0.516028 0.775094 0.582152 0.809701 0.580721 0.828269 0.530686 0.820029 0.509941
4 0.823547 0.607571 0.824120 0.594673 0.818691 0.572172 0.806276 0.579930 0.787727 0.583866 0.776499 0.581274 0.794907 0.517170 0.780253 0.513787 0.772496 0.501372 0.674663 0.485802 0.660682 0.490792 0.625943 0.487583 0.638647 0.514169 0.654995 0.561441 0.602280 0.549271 0.547034 0.517674 0.533363 0.500486 0.492269 0.520465 0.474627 0.535234 0.482937 0.591274 0.479492 0.636583 0.473648 0.667105 0.474964 0.687454 0.571200 0.714282 0.632992 0.722735 0.705046 0.727543 0.742493 0.733783 0.795297 0.724726 0.802238 0.705081 0.814718 0.630188 0.823547 0.607571
12 0.450273 0.786589 0.476334 0.750110 0.495648 0.696839 0.471231 0.685389 0.478478 0.623319 0.584086 0.675554 0.632552 0.727244 0.635170 0.751501 0.648884 0.784133 0.671983 0.801293 0.714921 0.799379 0.734364 0.776807 0.759679 0.733140 0.741394 0.735935 0.707974 0.727016 0.668375 0.724890 0.577163 0.668170 0.494078 0.579560 0.481166 0.578538 0.487155 0.572176 0.480231 0.564792 0.468141 0.540753 0.458529 0.537456 0.453992 0.540393 0.448917 0.534160 0.439843 0.540033 0.439304 0.530863 0.237448 0.461635 0.227905 0.436982 0.203121 0.441883 0.181672 0.468803 0.175455 0.487914 0.169239 0.507025 0.161067 0.547634 0.159263 0.581494 0.164457 0.614565 0.193441 0.627070 0.217962 0.623310 0.237408 0.574680 0.381439 0.624569 0.372520 0.668413 0.369046 0.714717 0.371911 0.757874 0.394351 0.783099 0.422062 0.790700 0.450273 0.786589
2 0.290126 0.243881 0.319304 0.219948 0.277949 0.215011 0.239955 0.267577 0.222137 0.288319 0.237873 0.296562 0.290126 0.243881
1 0.371362 0.214126 0.348993 0.213773 0.285468 0.274476 0.262350 0.303416 0.254617 0.336910 0.236519 0.378835 0.230060 0.406810 0.239528 0.443073 0.241838 0.479085 0.236023 0.519036 0.267160 0.527427 0.295881 0.541073 0.296630 0.511780 0.303307 0.493277 0.314335 0.440298 0.342627 0.349010 0.352627 0.336085 0.364312 0.301098 0.400479 0.220849 0.371362 0.214126
9 0.427608 0.353395 0.436244 0.367216 0.443097 0.342739 0.436597 0.344847 0.431519 0.326035 0.401100 0.315404 0.396383 0.340173 0.427608 0.353395
5 0.297200 0.524941 0.299467 0.545509 0.377124 0.592904 0.383144 0.556409 0.404787 0.493052 0.425259 0.420004 0.445143 0.379894 0.457693 0.340296 0.453949 0.295734 0.444893 0.242929 0.432919 0.233149 0.405120 0.220717 0.370931 0.287191 0.328218 0.390584 0.300100 0.501958 0.297200 0.524941
