6 0.397852 0.499219 0.414062 0.504492 0.442383 0.503125 0.470703 0.478906 0.508398 0.427734 0.535352 0.403516 0.470703 0.400781 0.397852 0.412891 0.384375 0.425000 0.294141 0.500391 0.397852 0.499219
8 0.337305 0.497852 0.277930 0.501758 0.217383 0.511328 0.178320 0.519336 0.116406 0.542188 0.105664 0.561133 0.186328 0.561133 0.198633 0.565039 0.295508 0.557031 0.303516 0.549023 0.325195 0.543555 0.423438 0.528711 0.441016 0.505859 0.415430 0.505859 0.392578 0.497852 0.337305 0.497852
7 0.296875 0.601562 0.306250 0.578516 0.322461 0.565039 0.259180 0.559766 0.228125 0.563867 0.202539 0.569141 0.214648 0.593359 0.209375 0.617578 0.280664 0.610938 0.296875 0.601562
4 0.214648 0.594727 0.199805 0.563867 0.171680 0.557031 0.102930 0.561133 0.090820 0.579883 0.085352 0.608203 0.089453 0.636523 0.078711 0.652734 0.074609 0.711914 0.081445 0.746875 0.107031 0.765820 0.136523 0.780664 0.220117 0.812891 0.271289 0.810352 0.264453 0.795508 0.234961 0.780664 0.236328 0.767188 0.284766 0.759180 0.311719 0.748242 0.330469 0.687695 0.356055 0.641992 0.316992 0.617578 0.300977 0.602930 0.282031 0.612305 0.209375 0.618945 0.214648 0.594727
9 0.560937 0.472266 0.523242 0.468164 0.504297 0.474805 0.490820 0.489648 0.489453 0.509961 0.500195 0.528711 0.515039 0.530078 0.535352 0.517969 0.566211 0.513867 0.560937 0.472266
5 0.647070 0.717383 0.647070 0.686328 0.642969 0.662109 0.642969 0.585352 0.626953 0.460156 0.614844 0.399414 0.567578 0.399414 0.547461 0.406250 0.525781 0.423633 0.490820 0.470898 0.485547 0.488281 0.489453 0.554297 0.489453 0.581250 0.496289 0.746875 0.511133 0.759180 0.634961 0.750977 0.647070 0.717383
1 0.620117 0.412891 0.629492 0.461328 0.634961 0.520703 0.644336 0.571875 0.644336 0.668750 0.648438 0.690430 0.647070 0.721289 0.640430 0.752344 0.732031 0.741602 0.742773 0.726758 0.746680 0.703906 0.753516 0.610938 0.749414 0.562500 0.734570 0.485742 0.725195 0.445312 0.715820 0.419727 0.660547 0.407617 0.636328 0.400781 0.614844 0.399414 0.620117 0.412891
11 0.754883 0.728125 0.744141 0.753711 0.768359 0.757812 0.781836 0.722656 0.795312 0.666211 0.816797 0.629687 0.843750 0.625781 0.858594 0.633789 0.872070 0.660742 0.878711 0.683594 0.885547 0.736133 0.908398 0.728125 0.915234 0.716016 0.920508 0.689063 0.921875 0.667578 0.911133 0.644531 0.905664 0.558398 0.919141 0.561133 0.909766 0.538281 0.801953 0.532813 0.756250 0.531445 0.762891 0.557031 0.766992 0.590625 0.762891 0.674219 0.754883 0.728125
3 0.921875 0.588086 0.917773 0.558398 0.905664 0.561133 0.912500 0.644531 0.919141 0.662109 0.921875 0.588086
12 0.313086 0.888867 0.323828 0.908398 0.342773 0.926562 0.370117 0.928320 0.422852 0.921094 0.441992 0.901172 0.461914 0.867578 0.468359 0.814844 0.464648 0.760156 0.452734 0.719336 0.426367 0.673828 0.392773 0.664844 0.360156 0.679297 0.333789 0.706641 0.302734 0.767578 0.299805 0.775195 0.302344 0.857227 0.313086 0.888867
12 0.755469 0.785742 0.754687 0.814844 0.768359 0.853906 0.786523 0.870313 0.802734 0.879297 0.828320 0.880273 0.850195 0.872070 0.870117 0.819336 0.871875 0.756641 0.865625 0.717578 0.857422 0.693945 0.836523 0.678320 0.810156 0.681055 0.807422 0.684766 0.791992 0.701172 0.755469 0.785742
12 0.155469 0.871094 0.173828 0.873828 0.204687 0.873047 0.224609 0.864844 0.250195 0.846680 0.259180 0.815625 0.221094 0.816602 0.109180 0.774219 0.115625 0.812891 0.131836 0.841992 0.155469 0.871094
12 0.600195 0.843945 0.620117 0.845703 0.636523 0.841211 0.648242 0.823828 0.653711 0.803906 0.563672 0.810156 0.562891 0.809375 0.582812 0.835742 0.600195 0.843945
18 0.378125 0.659375 0.378125 0.664062 0.375000 0.667188 0.373437 0.667188 0.371875 0.668750 0.370313 0.668750 0.365625 0.673437 0.362500 0.673437 0.360938 0.675000 0.359375 0.675000 0.353125 0.681250 0.353125 0.682813 0.351562 0.684375 0.350000 0.684375 0.346875 0.687500 0.346875 0.689062 0.340625 0.695312 0.340625 0.696875 0.337500 0.700000 0.337500 0.701563 0.335938 0.703125 0.335938 0.704687 0.334375 0.706250 0.334375 0.707812 0.331250 0.710938 0.331250 0.712500 0.329688 0.714063 0.329688 0.715625 0.328125 0.717188 0.328125 0.718750 0.326562 0.720312 0.326562 0.721875 0.323438 0.725000 0.323438 0.726562 0.321875 0.728125 0.321875 0.731250 0.320312 0.732813 0.320312 0.734375 0.318750 0.735937 0.318750 0.737500 0.317187 0.739062 0.317187 0.742188 0.315625 0.743750 0.315625 0.745313 0.314063 0.746875 0.314063 0.748438 0.310937 0.751562 0.310937 0.753125 0.307813 0.756250 0.307813 0.757812 0.306250 0.759375 0.306250 0.760938 0.304688 0.762500 0.304688 0.764063 0.301562 0.767187 0.301562 0.768750 0.298438 0.771875 0.298438 0.773438 0.295312 0.776563 0.290625 0.776563 0.290625 0.821875 0.295312 0.821875 0.296875 0.823438 0.296875 0.825000 0.298438 0.826563 0.298438 0.834375 0.300000 0.835938 0.300000 0.845312 0.298438 0.846875 0.298438 0.857813 0.296875 0.859375 0.296875 0.865625 0.295312 0.867188 0.290625 0.867188 0.290625 0.921875 0.295312 0.921875 0.300000 0.926562 0.300000 0.932813 0.390625 0.932813 0.390625 0.928125 0.392188 0.926562 0.395312 0.926562 0.396875 0.925000 0.407813 0.925000 0.409375 0.923437 0.415625 0.923437 0.417188 0.921875 0.420312 0.921875 0.421875 0.920313 0.423438 0.920313 0.434375 0.909375 0.435937 0.909375 0.442187 0.903125 0.443750 0.903125 0.451562 0.895312 0.451562 0.893750 0.453125 0.892187 0.453125 0.890625 0.454688 0.889063 0.454688 0.887500 0.456250 0.885938 0.456250 0.884375 0.457812 0.882812 0.457812 0.876562 0.459375 0.875000 0.459375 0.871875 0.460938 0.870313 0.460938 0.867188 0.462500 0.865625 0.462500 0.857813 0.464063 0.856250 0.464063 0.854688 0.465625 0.853125 0.470313 0.853125 0.470313 0.743750 0.465625 0.743750 0.464063 0.742188 0.464063 0.740625 0.462500 0.739062 0.462500 0.732813 0.460938 0.731250 0.460938 0.726562 0.459375 0.725000 0.459375 0.721875 0.457812 0.720312 0.457812 0.718750 0.456250 0.717188 0.456250 0.715625 0.454688 0.714063 0.454688 0.712500 0.453125 0.710938 0.453125 0.709375 0.450000 0.706250 0.450000 0.704687 0.448438 0.703125 0.448438 0.701563 0.442187 0.695312 0.442187 0.693750 0.437500 0.689062 0.437500 0.687500 0.429688 0.679688 0.428125 0.679688 0.418750 0.670313 0.417188 0.670313 0.414062 0.667188 0.412500 0.667188 0.409375 0.664062 0.409375 0.659375
18 0.810938 0.671875 0.810938 0.676562 0.803125 0.684375 0.801562 0.684375 0.798437 0.687500 0.798437 0.689062 0.792188 0.695312 0.792188 0.696875 0.789062 0.700000 0.789062 0.701563 0.785937 0.704687 0.785937 0.706250 0.784375 0.707812 0.784375 0.709375 0.782812 0.710938 0.782812 0.712500 0.779688 0.715625 0.779688 0.717188 0.778125 0.718750 0.778125 0.721875 0.776563 0.723437 0.776563 0.726562 0.775000 0.728125 0.775000 0.731250 0.773438 0.732813 0.773438 0.735937 0.771875 0.737500 0.771875 0.742188 0.770312 0.743750 0.770312 0.748438 0.767187 0.751562 0.767187 0.753125 0.764063 0.756250 0.764063 0.757812 0.759375 0.762500 0.753125 0.762500 0.753125 0.820312 0.757812 0.820312 0.759375 0.821875 0.759375 0.826563 0.760938 0.828125 0.760938 0.842188 0.757812 0.845312 0.753125 0.845312 0.753125 0.875000 0.759375 0.875000 0.760938 0.876562 0.764063 0.876562 0.771875 0.884375 0.771875 0.889063 0.840625 0.889063 0.840625 0.884375 0.842188 0.882812 0.842188 0.881250 0.843750 0.879687 0.843750 0.878125 0.850000 0.871875 0.850000 0.870313 0.854688 0.865625 0.854688 0.864062 0.856250 0.862500 0.856250 0.860937 0.857813 0.859375 0.857813 0.857813 0.859375 0.856250 0.859375 0.853125 0.860937 0.851562 0.860937 0.850000 0.862500 0.848437 0.862500 0.843750 0.864062 0.842188 0.864062 0.837500 0.865625 0.835938 0.865625 0.831250 0.867188 0.829687 0.867188 0.821875 0.868750 0.820312 0.868750 0.810938 0.870313 0.809375 0.870313 0.801562 0.871875 0.800000 0.876562 0.800000 0.876562 0.721875 0.871875 0.721875 0.868750 0.718750 0.868750 0.717188 0.867188 0.715625 0.867188 0.714063 0.865625 0.712500 0.865625 0.710938 0.864062 0.709375 0.864062 0.707812 0.862500 0.706250 0.862500 0.704687 0.860937 0.703125 0.860937 0.701563 0.859375 0.700000 0.859375 0.698438 0.840625 0.679688 0.839063 0.679688 0.837500 0.678125 0.837500 0.671875
