6 0.731806 0.140711 0.621516 0.135179 0.599919 0.133290 0.559167 0.135214 0.511339 0.141813 0.439276 0.192365 0.398218 0.229161 0.356359 0.259417 0.640547 0.303102 0.715651 0.309673 0.737827 0.304947 0.746860 0.293581 0.783566 0.183275 0.798694 0.149308 0.731806 0.140711
8 0.241009 0.450677 0.302330 0.460159 0.391982 0.470748 0.444560 0.472603 0.490028 0.448152 0.540034 0.432333 0.583776 0.425377 0.596085 0.410181 0.618900 0.395904 0.665492 0.374297 0.700251 0.362437 0.715073 0.347657 0.723697 0.325277 0.722103 0.314354 0.690043 0.308805 0.607081 0.300174 0.468078 0.279974 0.342934 0.258242 0.234902 0.271730 0.161297 0.295091 0.118093 0.325033 0.092853 0.364781 0.095764 0.378564 0.111403 0.401499 0.143099 0.424662 0.178591 0.435806 0.241009 0.450677
7 0.656231 0.433088 0.647726 0.422737 0.608335 0.424781 0.563395 0.427515 0.512247 0.440685 0.467375 0.458326 0.441717 0.473727 0.337100 0.571426 0.294969 0.620479 0.329873 0.624906 0.397519 0.622589 0.465582 0.617761 0.513962 0.607093 0.537117 0.588925 0.601833 0.514791 0.656231 0.433088
4 0.127664 0.415077 0.101519 0.391223 0.085880 0.368289 0.058298 0.421360 0.045360 0.459440 0.032326 0.485160 0.028139 0.517339 0.028208 0.610669 0.015627 0.644663 0.040503 0.700951 0.067490 0.733113 0.066622 0.758721 0.120572 0.805397 0.164423 0.830800 0.169105 0.824348 0.227958 0.862043 0.241111 0.882015 0.337634 0.921633 0.397593 0.930996 0.459824 0.932323 0.537975 0.904066 0.557528 0.866565 0.560926 0.841179 0.597752 0.729510 0.618718 0.675860 0.641813 0.629258 0.624285 0.596551 0.595773 0.568373 0.570216 0.551237 0.546031 0.578922 0.515324 0.607212 0.497216 0.612490 0.436774 0.622103 0.382569 0.625399 0.292007 0.622965 0.317434 0.596761 0.350815 0.553608 0.448884 0.470236 0.394706 0.470986 0.272755 0.457572 0.154804 0.429803 0.127664 0.415077
9 0.898566 0.336655 0.904422 0.316777 0.906890 0.288564 0.896819 0.264744 0.868964 0.258190 0.833941 0.255126 0.817510 0.259178 0.809644 0.270646 0.806359 0.308198 0.780751 0.307330 0.779407 0.338385 0.822526 0.340785 0.898566 0.336655
5 0.880816 0.369216 0.851050 0.153692 0.850118 0.155375 0.825019 0.153179 0.809008 0.161386 0.774756 0.270534 0.771741 0.356536 0.781465 0.382090 0.780663 0.442798 0.774705 0.526582 0.759114 0.653245 0.852866 0.558712 0.858666 0.485698 0.874192 0.418043 0.880816 0.369216
1 0.853891 0.157078 0.852580 0.156375 0.882127 0.369919 0.860612 0.485868 0.854552 0.555134 0.882239 0.527756 0.902680 0.475628 0.922435 0.408932 0.929918 0.352534 0.929534 0.327797 0.905846 0.199659 0.900245 0.185248 0.867484 0.160816 0.853891 0.157078
12 0.624783 1.000000 0.650716 0.975688 0.670379 0.939177 0.690040 0.891490 0.701512 0.843283 0.719163 0.724448 0.717941 0.666699 0.710856 0.642357 0.692831 0.619801 0.673506 0.609876 0.653575 0.609113 0.639561 0.632590 0.611527 0.693072 0.570635 0.815364 0.553258 0.879523 0.547540 0.924705 0.552763 0.968099 0.575395 1.000000 0.624783 1.000000
12 0.895815 0.531688 0.889448 0.573088 0.889767 0.609779 0.903073 0.612315 0.914192 0.590545 0.925042 0.551695 0.935698 0.461264 0.930931 0.453004 0.924766 0.449524 0.918644 0.458987 0.895815 0.531688
11 0.964497 0.297918 0.925231 0.305266 0.930928 0.363405 0.921358 0.414523 0.885965 0.521024 0.900846 0.503308 0.926346 0.435938 0.947627 0.396628 0.949882 0.420156 0.938259 0.481290 0.972147 0.327015 0.965183 0.296801 0.964497 0.297918
