9 0.456436 0.389388 0.476347 0.375446 0.476787 0.366202 0.465642 0.363047 0.439983 0.370224 0.437713 0.396597 0.456436 0.389388
9 0.796021 0.401469 0.783589 0.419110 0.781385 0.431612 0.773499 0.430221 0.777993 0.450847 0.823453 0.451723 0.835885 0.434082 0.837716 0.416952 0.821773 0.408390 0.796021 0.401469
6 0.754500 0.418740 0.786643 0.329807 0.754159 0.321699 0.667570 0.310001 0.604063 0.305744 0.562846 0.307798 0.540423 0.322487 0.466631 0.391185 0.743697 0.427148 0.754500 0.418740
7 0.701142 0.489653 0.709522 0.469117 0.679857 0.472018 0.634298 0.491948 0.605110 0.512386 0.612556 0.523020 0.703399 0.529717 0.698904 0.509092 0.701142 0.489653
7 0.358893 0.439817 0.350511 0.453610 0.345322 0.483039 0.378383 0.494620 0.385474 0.467906 0.382281 0.452271 0.389405 0.425365 0.373577 0.428523 0.358893 0.439817
8 0.410096 0.406999 0.399258 0.415599 0.397088 0.427909 0.463628 0.440832 0.643729 0.458706 0.663438 0.452661 0.732588 0.444030 0.739442 0.425406 0.691356 0.420299 0.461607 0.392679 0.410096 0.406999
4 0.662395 0.683527 0.683356 0.656879 0.714543 0.532872 0.605021 0.525261 0.603379 0.508709 0.632600 0.488079 0.659436 0.475358 0.646455 0.455617 0.621032 0.454704 0.471311 0.443377 0.391713 0.425772 0.384420 0.453639 0.386979 0.471742 0.382197 0.498862 0.340694 0.483413 0.324376 0.542215 0.320483 0.611537 0.323553 0.640241 0.415923 0.651768 0.524802 0.669777 0.662395 0.683527
12 0.557438 0.716386 0.583948 0.724631 0.604437 0.714162 0.614527 0.703050 0.621381 0.684426 0.633477 0.688939 0.644060 0.721149 0.655172 0.731240 0.710567 0.741007 0.726461 0.723977 0.751254 0.668851 0.759583 0.595749 0.744890 0.546354 0.720314 0.533889 0.702896 0.579804 0.327197 0.645445 0.336275 0.673819 0.354255 0.691071 0.383073 0.699722 0.413146 0.694514 0.432506 0.669071 0.427184 0.657919 0.430530 0.655534 0.438960 0.660590 0.440198 0.656941 0.546548 0.672421 0.549652 0.700932 0.557438 0.716386
5 0.802574 0.332814 0.791443 0.352072 0.772036 0.411519 0.770619 0.470172 0.756413 0.663216 0.821345 0.669509 0.843897 0.606848 0.852926 0.527523 0.848446 0.450577 0.834490 0.329517 0.828811 0.329111 0.802574 0.332814
1 0.836210 0.331010 0.855877 0.510789 0.847381 0.601711 0.824185 0.668027 0.855209 0.670919 0.875445 0.636012 0.905371 0.557397 0.915649 0.509231 0.916286 0.451631 0.901243 0.405347 0.870880 0.352593 0.837557 0.331248 0.836210 0.331010
12 0.837847 0.710894 0.834694 0.732154 0.839177 0.753967 0.883587 0.767549 0.893937 0.752715 0.916591 0.689477 0.921628 0.628289 0.913951 0.580725 0.897377 0.588116 0.883602 0.629120 0.872331 0.700910 0.843086 0.710429 0.837847 0.710894
