6 0.335861 0.350504 0.347861 0.366566 0.397944 0.391423 0.543198 0.441543 0.595853 0.453171 0.627343 0.453920 0.648842 0.441585 0.723898 0.317494 0.549242 0.263050 0.504187 0.254292 0.476239 0.263981 0.335861 0.350504
9 0.689462 0.465995 0.752624 0.472701 0.764216 0.448890 0.756573 0.430890 0.717524 0.413749 0.704254 0.431862 0.696842 0.449522 0.689462 0.465995
12 0.803745 0.661113 0.806916 0.687794 0.844999 0.696589 0.868101 0.683173 0.884571 0.654738 0.901084 0.612782 0.911668 0.565495 0.909355 0.541568 0.896834 0.528191 0.881332 0.544477 0.866725 0.570488 0.832407 0.648777 0.753811 0.653949 0.633970 0.636756 0.626085 0.641568 0.623093 0.631370 0.613996 0.633890 0.616745 0.623769 0.604048 0.608567 0.569431 0.596267 0.542934 0.615888 0.544089 0.623861 0.534102 0.622428 0.501311 0.692856 0.482712 0.745549 0.475259 0.783894 0.459091 0.790301 0.463038 0.804797 0.491771 0.826897 0.527171 0.835171 0.552510 0.831739 0.578220 0.812065 0.610608 0.766231 0.624879 0.734782 0.630506 0.698669 0.632069 0.661965 0.763798 0.655382 0.803745 0.661113
8 0.173273 0.572784 0.230328 0.597603 0.315139 0.612696 0.381472 0.561124 0.426823 0.539696 0.543494 0.503480 0.605579 0.488091 0.615308 0.466703 0.610685 0.454662 0.586650 0.451383 0.551250 0.443109 0.449071 0.410911 0.392837 0.389037 0.351066 0.364403 0.333853 0.347528 0.226602 0.369060 0.174732 0.389221 0.136385 0.438075 0.125166 0.474295 0.119316 0.511559 0.140109 0.545844 0.173273 0.572784
7 0.408339 0.549832 0.361683 0.577970 0.318084 0.611876 0.392090 0.626261 0.424661 0.628613 0.457861 0.626709 0.474555 0.597125 0.502768 0.565601 0.518195 0.542534 0.519833 0.512610 0.466844 0.524196 0.408339 0.549832
4 0.245303 0.752923 0.309659 0.774983 0.362835 0.783927 0.474369 0.782328 0.493447 0.711821 0.535705 0.621347 0.462968 0.629095 0.416124 0.629540 0.270904 0.606883 0.213595 0.591565 0.170520 0.573642 0.144135 0.546626 0.117974 0.511298 0.106575 0.478839 0.089583 0.509958 0.073148 0.594508 0.072474 0.632778 0.117377 0.677121 0.178118 0.717779 0.245303 0.752923
7 0.108178 0.477758 0.119241 0.504779 0.131465 0.456220 0.138771 0.432968 0.160534 0.398797 0.137316 0.418956 0.118422 0.445527 0.108178 0.477758
9 0.364222 0.303888 0.360868 0.321143 0.369624 0.332395 0.398727 0.302437 0.389225 0.295019 0.364222 0.303888
5 0.685550 0.422655 0.667105 0.468414 0.660319 0.545290 0.653463 0.594893 0.634569 0.706423 0.779673 0.650862 0.786124 0.597201 0.802933 0.525060 0.809230 0.478332 0.804611 0.445798 0.804460 0.340117 0.799505 0.302146 0.757061 0.315782 0.731649 0.341086 0.708842 0.380624 0.685550 0.422655
1 0.843695 0.611177 0.891954 0.496999 0.896761 0.465103 0.887593 0.434471 0.885658 0.402459 0.880741 0.371459 0.870492 0.339224 0.830325 0.313509 0.805694 0.306134 0.808485 0.397207 0.806581 0.448967 0.810311 0.479935 0.797151 0.560944 0.786944 0.600146 0.783699 0.651645 0.831213 0.633423 0.843695 0.611177
3 0.952513 0.440325 0.945391 0.419641 0.936301 0.431603 0.934663 0.461528 0.951801 0.471624 0.952513 0.440325
