9 0.632639 0.268434 0.602978 0.289248 0.596196 0.335990 0.636160 0.342611 0.668572 0.340272 0.674020 0.316674 0.671973 0.289942 0.654905 0.273574 0.632639 0.268434
7 0.284928 0.414867 0.320677 0.416305 0.352444 0.409808 0.389074 0.389199 0.428339 0.362384 0.440901 0.344437 0.348248 0.350709 0.278844 0.345710 0.237632 0.374883 0.226957 0.402887 0.284928 0.414867
6 0.587508 0.253805 0.657403 0.173324 0.556658 0.148662 0.478426 0.140223 0.436614 0.165047 0.365535 0.222002 0.329930 0.244250 0.531259 0.300352 0.564447 0.288571 0.587508 0.253805
8 0.535563 0.299943 0.481706 0.287509 0.371988 0.253960 0.321820 0.243781 0.184839 0.256255 0.142164 0.272662 0.121432 0.302554 0.170208 0.324839 0.230110 0.341475 0.341588 0.349171 0.443565 0.345052 0.493384 0.338513 0.516061 0.324506 0.535563 0.299943
4 0.050067 0.438019 0.040238 0.504905 0.053967 0.535737 0.074898 0.564022 0.118945 0.589425 0.196867 0.622649 0.313101 0.652290 0.334550 0.625370 0.370276 0.554841 0.390203 0.527570 0.406675 0.492686 0.357202 0.413512 0.314777 0.417549 0.263686 0.411366 0.224908 0.399607 0.234967 0.374268 0.283456 0.343969 0.233609 0.343686 0.211343 0.338545 0.141370 0.312569 0.111111 0.305583 0.087962 0.345941 0.073320 0.379845 0.068954 0.416120 0.050067 0.438019
5 0.568157 0.386244 0.564302 0.432460 0.531448 0.622519 0.595524 0.626287 0.695555 0.624526 0.705410 0.587914 0.710978 0.539487 0.733531 0.447877 0.755345 0.276116 0.761386 0.177887 0.717073 0.171866 0.679669 0.178465 0.651647 0.198255 0.626655 0.228365 0.581794 0.296785 0.568157 0.386244
3 0.950241 0.395679 0.976134 0.438940 0.984981 0.388465 0.950608 0.381933 0.950241 0.395679
1 0.762860 0.225333 0.749032 0.314749 0.744077 0.383963 0.719619 0.495980 0.705820 0.592218 0.693036 0.629356 0.712580 0.622844 0.729825 0.625422 0.791633 0.621651 0.833232 0.524816 0.848005 0.503370 0.880638 0.481839 0.890567 0.444041 0.895035 0.413402 0.895360 0.381605 0.890401 0.343177 0.876515 0.272219 0.848838 0.206295 0.824377 0.192430 0.794733 0.182780 0.766831 0.177741 0.762860 0.225333
2 0.897736 0.329636 0.970989 0.353564 0.965930 0.286047 0.954295 0.258304 0.941223 0.242858 0.856742 0.213733 0.884975 0.289406 0.897736 0.329636
12 0.719546 0.555944 0.434890 0.524699 0.435692 0.534224 0.425609 0.529971 0.425074 0.523622 0.415526 0.525719 0.415259 0.522544 0.405443 0.521467 0.368796 0.572540 0.333465 0.636144 0.321399 0.676255 0.286717 0.694507 0.294849 0.766943 0.307392 0.802913 0.341968 0.820717 0.384539 0.822127 0.419996 0.817885 0.459409 0.773063 0.482881 0.719149 0.490791 0.661441 0.482365 0.601566 0.719546 0.555944
12 0.890063 0.662416 0.896613 0.597579 0.885329 0.563102 0.847490 0.535123 0.827518 0.567796 0.719546 0.555944 0.812159 0.598727 0.774937 0.693967 0.754061 0.700172 0.755621 0.765478 0.781414 0.779652 0.815171 0.788848 0.844012 0.777666 0.862080 0.747160 0.890063 0.662416
