8 0.552734 0.391406 0.586523 0.390039 0.632227 0.407617 0.659180 0.412891 0.688867 0.396680 0.718555 0.396680 0.859961 0.342969 0.909766 0.314648 0.958203 0.282227 0.971680 0.262109 0.951562 0.236523 0.913867 0.208203 0.884180 0.189258 0.818164 0.157031 0.785742 0.165039 0.622852 0.218945 0.566211 0.240430 0.470703 0.266016 0.423438 0.270117 0.423438 0.292969 0.451758 0.324023 0.489453 0.352344 0.552734 0.391406
6 0.404297 0.000000 0.307617 0.022266 0.263281 0.030469 0.368359 0.226953 0.387109 0.253906 0.418164 0.271484 0.463867 0.268750 0.505664 0.260742 0.547461 0.248633 0.648438 0.210938 0.703711 0.194727 0.783203 0.163672 0.799219 0.151562 0.653906 0.042578 0.620117 0.020898 0.583789 0.003516 0.544922 0.000000 0.404297 0.000000
9 0.295508 0.251367 0.275391 0.223047 0.251172 0.208203 0.213281 0.210938 0.186328 0.221680 0.171680 0.243164 0.174219 0.272852 0.189062 0.297070 0.252344 0.292969 0.292773 0.280859 0.314453 0.272852 0.307617 0.256641 0.295508 0.251367
7 0.520508 0.524805 0.544727 0.536914 0.578320 0.540820 0.656445 0.539453 0.702344 0.531445 0.722461 0.524805 0.692969 0.461328 0.671289 0.438477 0.644336 0.416992 0.625586 0.402148 0.593164 0.384570 0.546094 0.385937 0.493555 0.396680 0.463867 0.402148 0.458594 0.422266 0.504297 0.501758 0.520508 0.524805
5 0.143359 0.132617 0.124414 0.314453 0.128125 0.381250 0.147070 0.492383 0.317578 0.617383 0.321875 0.604102 0.306250 0.386328 0.320703 0.181250 0.263281 0.068164 0.230469 0.035352 0.197656 0.027734 0.166602 0.025977 0.166016 0.027734 0.152148 0.080273 0.143359 0.132617
1 0.092773 0.065625 0.041016 0.188672 0.034180 0.237305 0.042383 0.304297 0.095312 0.453906 0.145117 0.491211 0.126172 0.382031 0.123047 0.299219 0.141992 0.128125 0.154688 0.062500 0.162891 0.027930 0.116797 0.042969 0.092773 0.065625
4 1.000000 0.306113 0.975391 0.263281 0.950977 0.298633 0.839063 0.360547 0.718164 0.406055 0.687305 0.405078 0.651758 0.421484 0.682813 0.441406 0.715430 0.491406 0.728125 0.526953 0.718164 0.533203 0.595508 0.546875 0.543555 0.538672 0.520898 0.530469 0.443555 0.545117 0.442773 0.546875 0.507227 0.663281 0.528125 0.758594 0.537305 0.842383 0.563672 0.864062 0.627344 0.891406 0.696289 0.889648 0.819922 0.840430 0.859180 0.813281 0.878125 0.790430 0.959180 0.733203 1.000000 0.694030 1.000000 0.306113
12 0.373633 0.593164 0.371875 0.634961 0.375391 0.668750 0.384570 0.717773 0.404492 0.778711 0.432812 0.844141 0.450977 0.864062 0.474609 0.869531 0.534570 0.858594 0.539062 0.847852 0.520898 0.719531 0.490820 0.631445 0.445508 0.551367 0.430078 0.538672 0.387305 0.547852 0.386328 0.550586 0.376367 0.569531 0.373633 0.593164
12 0.045508 0.443164 0.059180 0.496875 0.069922 0.522266 0.081836 0.537695 0.119141 0.533203 0.125391 0.516016 0.088086 0.490430 0.070898 0.415039 0.055469 0.367773 0.048242 0.349609 0.038086 0.354102 0.039062 0.356055 0.039062 0.407813 0.045508 0.443164
17 0.492188 0.390625 0.492188 0.395312 0.490625 0.396875 0.487500 0.396875 0.485938 0.398438 0.482812 0.398438 0.481250 0.400000 0.476562 0.400000 0.475000 0.401563 0.471875 0.401563 0.470313 0.403125 0.467187 0.403125 0.465625 0.404687 0.459375 0.404687 0.459375 0.435937 0.464063 0.435937 0.467187 0.439063 0.467187 0.440625 0.470313 0.443750 0.470313 0.445312 0.471875 0.446875 0.471875 0.448438 0.473437 0.450000 0.473437 0.451562 0.475000 0.453125 0.475000 0.454688 0.478125 0.457812 0.478125 0.459375 0.479688 0.460938 0.479688 0.462500 0.482812 0.465625 0.482812 0.467187 0.484375 0.468750 0.484375 0.470313 0.485938 0.471875 0.485938 0.473437 0.490625 0.478125 0.490625 0.479688 0.493750 0.482812 0.493750 0.484375 0.495313 0.485938 0.495313 0.487500 0.496875 0.489062 0.496875 0.490625 0.501562 0.495313 0.501562 0.496875 0.504687 0.500000 0.504687 0.501562 0.506250 0.503125 0.506250 0.506250 0.507812 0.507812 0.507812 0.509375 0.510938 0.512500 0.510938 0.514063 0.514063 0.517187 0.514063 0.518750 0.517187 0.521875 0.517187 0.523438 0.523438 0.529688 0.525000 0.529688 0.526563 0.531250 0.528125 0.531250 0.529688 0.532812 0.532812 0.532812 0.534375 0.534375 0.537500 0.534375 0.539062 0.535937 0.542188 0.535937 0.543750 0.537500 0.550000 0.537500 0.551562 0.539062 0.556250 0.539062 0.557813 0.540625 0.557813 0.545313 0.632812 0.545313 0.632812 0.540625 0.634375 0.539062 0.642187 0.539062 0.643750 0.537500 0.660937 0.537500 0.662500 0.535937 0.676562 0.535937 0.678125 0.534375 0.689062 0.534375 0.690625 0.532812 0.700000 0.532812 0.701563 0.531250 0.704687 0.531250 0.706250 0.529688 0.707812 0.529688 0.709375 0.528125 0.710938 0.528125 0.714063 0.525000 0.720312 0.525000 0.720312 0.503125 0.715625 0.503125 0.712500 0.500000 0.712500 0.498437 0.710938 0.496875 0.710938 0.495313 0.709375 0.493750 0.709375 0.492188 0.706250 0.489062 0.706250 0.487500 0.704687 0.485938 0.704687 0.482812 0.701563 0.479688 0.701563 0.478125 0.700000 0.476562 0.700000 0.475000 0.698438 0.473437 0.698438 0.471875 0.696875 0.470313 0.696875 0.468750 0.693750 0.465625 0.693750 0.464063 0.690625 0.460938 0.690625 0.459375 0.679688 0.448438 0.678125 0.448438 0.667188 0.437500 0.665625 0.437500 0.659375 0.431250 0.657812 0.431250 0.651563 0.425000 0.650000 0.425000 0.640625 0.415625 0.639063 0.415625 0.635938 0.412500 0.634375 0.412500 0.632812 0.410937 0.631250 0.410937 0.629687 0.409375 0.628125 0.409375 0.625000 0.406250 0.623438 0.406250 0.621875 0.404687 0.620313 0.404687 0.618750 0.403125 0.617188 0.403125 0.615625 0.401563 0.614062 0.401563 0.612500 0.400000 0.610937 0.400000 0.609375 0.398438 0.607813 0.398438 0.604688 0.395312 0.604688 0.390625
