9 0.825741 0.391150 0.836452 0.364057 0.833053 0.339122 0.812702 0.329556 0.779242 0.324854 0.762670 0.337514 0.756048 0.364985 0.741941 0.368525 0.739403 0.406234 0.757519 0.392410 0.808546 0.397017 0.825741 0.391150
7 0.455361 0.559405 0.500972 0.563251 0.611487 0.551565 0.636012 0.501956 0.641117 0.475456 0.636988 0.457124 0.559433 0.447605 0.513911 0.471187 0.491638 0.503361 0.471435 0.522217 0.455361 0.559405
8 0.481786 0.458388 0.521248 0.466696 0.554017 0.446844 0.579354 0.450405 0.652942 0.391321 0.654197 0.372564 0.605497 0.371045 0.527322 0.356113 0.477459 0.353050 0.409921 0.339614 0.229121 0.319529 0.182104 0.353748 0.133878 0.378330 0.141476 0.391627 0.133215 0.402694 0.164747 0.409887 0.239975 0.416317 0.461100 0.459623 0.481786 0.458388
4 0.110089 0.460586 0.101303 0.483808 0.075868 0.461299 0.055523 0.490983 0.048684 0.520001 0.037124 0.659791 0.042089 0.693230 0.095587 0.727966 0.146713 0.751522 0.220065 0.771298 0.295505 0.786042 0.410389 0.800808 0.534537 0.808591 0.581671 0.801606 0.597889 0.754972 0.601401 0.720161 0.625358 0.626884 0.641291 0.600525 0.651971 0.572244 0.638797 0.560728 0.610513 0.548667 0.567248 0.556195 0.498455 0.561516 0.454007 0.559214 0.471435 0.522217 0.523956 0.467076 0.489879 0.458342 0.459746 0.459433 0.316370 0.425673 0.186597 0.410196 0.164557 0.411241 0.129153 0.402123 0.115004 0.435439 0.110089 0.460586
7 0.135422 0.377167 0.108851 0.402031 0.088694 0.428980 0.080903 0.464768 0.100732 0.487869 0.116738 0.432922 0.128392 0.407539 0.135422 0.377167
9 0.243795 0.274058 0.237527 0.299015 0.240302 0.317156 0.286297 0.270564 0.262504 0.265840 0.243795 0.274058
12 0.699472 0.690356 0.697497 0.635642 0.685149 0.598602 0.663610 0.576444 0.634734 0.607887 0.624407 0.633654 0.606552 0.701754 0.599099 0.764609 0.583808 0.806048 0.545528 0.807572 0.560514 0.874962 0.620662 0.882034 0.642462 0.872870 0.669744 0.833116 0.681950 0.795385 0.693511 0.741193 0.699472 0.690356
5 0.737482 0.497085 0.717708 0.705147 0.739696 0.693248 0.834774 0.646849 0.844935 0.584374 0.871669 0.461508 0.865157 0.391364 0.851765 0.332285 0.835397 0.215787 0.818063 0.184753 0.789448 0.184873 0.765943 0.197742 0.728570 0.270002 0.715983 0.310441 0.720024 0.350455 0.735081 0.436987 0.737482 0.497085
1 0.820683 0.182951 0.840814 0.229171 0.873543 0.459405 0.837391 0.643666 0.889228 0.615844 0.921997 0.523017 0.948600 0.415123 0.932199 0.332544 0.909383 0.259123 0.879666 0.212345 0.850726 0.190921 0.821925 0.182534 0.820683 0.182951
12 0.851145 0.655264 0.854475 0.686303 0.864570 0.704289 0.892681 0.713368 0.907392 0.708335 0.922329 0.693275 0.933609 0.649497 0.946127 0.578675 0.942964 0.523992 0.930642 0.510623 0.899776 0.626399 0.852224 0.656007 0.851145 0.655264
6 0.466989 0.158094 0.434518 0.163195 0.433083 0.163585 0.261598 0.304567 0.671213 0.360952 0.754090 0.183848 0.571685 0.162552 0.466989 0.158094
