9 0.445439 0.184670 0.433563 0.197159 0.425647 0.224895 0.425358 0.243887 0.479247 0.262130 0.489012 0.273767 0.512679 0.281132 0.520809 0.264394 0.520407 0.239851 0.511384 0.217495 0.494578 0.194458 0.470928 0.186900 0.445439 0.184670
11 0.105956 0.479446 0.122701 0.426995 0.146044 0.391002 0.161410 0.385680 0.177627 0.401999 0.189946 0.431505 0.199848 0.472956 0.207938 0.564243 0.221261 0.566585 0.219293 0.528573 0.221216 0.412479 0.227361 0.326554 0.232314 0.301304 0.238681 0.259905 0.207864 0.255836 0.128078 0.255718 0.095396 0.259524 0.083043 0.277461 0.101603 0.280458 0.101790 0.294002 0.090885 0.326770 0.073051 0.360304 0.066326 0.405790 0.063637 0.436532 0.064097 0.509702 0.067240 0.534288 0.097819 0.541080 0.105956 0.479446
5 0.523414 0.265994 0.514857 0.193488 0.490635 0.131963 0.473651 0.108715 0.451942 0.094660 0.409299 0.086812 0.394240 0.135685 0.363979 0.264201 0.350469 0.295369 0.338774 0.413353 0.337277 0.461844 0.327904 0.508471 0.327301 0.575862 0.464731 0.596120 0.471642 0.564179 0.476374 0.494404 0.499458 0.324676 0.507299 0.295561 0.523414 0.265994
1 0.341753 0.363619 0.350469 0.295369 0.367060 0.260353 0.371827 0.221558 0.402276 0.106587 0.402565 0.087595 0.344846 0.097446 0.314216 0.106921 0.302919 0.112795 0.289869 0.138709 0.260135 0.245509 0.246489 0.278233 0.240360 0.316909 0.228281 0.441525 0.226794 0.534719 0.240951 0.558897 0.327301 0.575862 0.325095 0.540574 0.339149 0.440442 0.341753 0.363619
6 0.638963 0.258458 0.767377 0.289887 0.663964 0.143010 0.597441 0.116800 0.527165 0.099868 0.490856 0.098064 0.498322 0.120284 0.554214 0.238888 0.572627 0.245792 0.638963 0.258458
8 0.799556 0.294074 0.764728 0.291027 0.654874 0.262595 0.598926 0.252210 0.565698 0.246558 0.574510 0.269092 0.603268 0.281019 0.632604 0.286330 0.657275 0.297899 0.676141 0.313078 0.705018 0.323643 0.736713 0.346806 0.880153 0.376804 0.925638 0.383529 0.916162 0.352899 0.889941 0.327666 0.857455 0.311296 0.829941 0.300850 0.799556 0.294074
7 0.707259 0.421280 0.748965 0.439829 0.792741 0.463853 0.761641 0.386826 0.748726 0.364130 0.734065 0.347946 0.708627 0.329448 0.687626 0.320749 0.668045 0.313742 0.635865 0.309554 0.645937 0.333374 0.707259 0.421280
4 0.938307 0.422476 0.927929 0.386474 0.736373 0.350697 0.774079 0.414970 0.798955 0.471259 0.766827 0.450803 0.711226 0.422999 0.692982 0.398464 0.676074 0.376595 0.622877 0.442326 0.634498 0.479810 0.641914 0.518298 0.646681 0.557926 0.648973 0.639295 0.781047 0.660261 0.887326 0.666814 0.918187 0.668142 0.935613 0.654962 0.945248 0.623259 0.942916 0.602861 0.949912 0.538578 0.948226 0.495102 0.938307 0.422476
12 0.498715 0.642422 0.508355 0.747373 0.525305 0.786695 0.546895 0.802112 0.576946 0.799251 0.611978 0.768594 0.636264 0.708372 0.644445 0.675366 0.649279 0.573054 0.643395 0.517055 0.626589 0.494018 0.616860 0.493079 0.615760 0.488561 0.607131 0.492140 0.604932 0.483105 0.594103 0.477648 0.597402 0.491202 0.587672 0.490263 0.583996 0.481126 0.577943 0.489324 0.573889 0.484604 0.441735 0.476181 0.169320 0.449895 0.138213 0.464819 0.123801 0.490614 0.117429 0.509662 0.111057 0.528711 0.104367 0.605176 0.103567 0.645690 0.121225 0.690368 0.151021 0.690426 0.167578 0.671485 0.186638 0.608257 0.191404 0.569462 0.192204 0.528948 0.451465 0.477120 0.548756 0.486508 0.553674 0.491560 0.522125 0.542912 0.498715 0.642422
12 0.829077 0.687206 0.812390 0.709861 0.793036 0.722676 0.763602 0.725199 0.741433 0.716397 0.740748 0.717513 0.746021 0.744639 0.754969 0.765616 0.764564 0.779199 0.777130 0.787945 0.799479 0.792449 0.814293 0.791196 0.835883 0.775243 0.851117 0.746775 0.869414 0.703479 0.869331 0.668573 0.834697 0.665543 0.829077 0.687206
12 0.340062 0.698927 0.349776 0.711148 0.375923 0.714808 0.393267 0.713777 0.406281 0.708445 0.428933 0.682587 0.436954 0.649174 0.328399 0.628306 0.330775 0.630278 0.331858 0.662722 0.340062 0.698927
