6 0.504297 0.401953 0.545898 0.405859 0.570508 0.398242 0.585742 0.386719 0.627539 0.291992 0.557227 0.295703 0.460547 0.308984 0.426563 0.341211 0.369531 0.405859 0.504297 0.401953
8 0.363867 0.405859 0.331641 0.417187 0.290039 0.424805 0.242578 0.438086 0.208398 0.453125 0.189453 0.481641 0.282422 0.487305 0.333594 0.485352 0.447266 0.466406 0.545898 0.438086 0.559180 0.422852 0.564844 0.400000 0.519336 0.401953 0.407617 0.401953 0.363867 0.405859
9 0.674805 0.367773 0.652148 0.362109 0.633203 0.362109 0.621875 0.381055 0.627539 0.419141 0.655859 0.415234 0.682422 0.403906 0.686328 0.383008 0.674805 0.367773
7 0.348828 0.483594 0.327930 0.504297 0.312695 0.540430 0.437891 0.523438 0.491016 0.475977 0.502344 0.451367 0.348828 0.483594
4 0.324023 0.506250 0.344922 0.483594 0.185742 0.481641 0.172461 0.530859 0.157227 0.561328 0.157227 0.659961 0.153516 0.690234 0.162891 0.705469 0.231250 0.722461 0.265234 0.724414 0.301367 0.733789 0.413281 0.749023 0.483398 0.737695 0.491016 0.699609 0.491016 0.678906 0.500391 0.606836 0.509961 0.574609 0.475781 0.532813 0.453125 0.515820 0.433984 0.527148 0.312695 0.538477 0.324023 0.506250
5 0.743164 0.496875 0.739453 0.445508 0.724219 0.379297 0.716602 0.299609 0.708984 0.284375 0.680664 0.280664 0.655859 0.284375 0.636914 0.307227 0.600977 0.384961 0.606641 0.424805 0.614258 0.479687 0.627539 0.618164 0.627539 0.646680 0.739453 0.612500 0.743164 0.496875
1 0.845508 0.483594 0.841797 0.436133 0.822852 0.364063 0.794336 0.324219 0.765820 0.290039 0.718555 0.284375 0.718555 0.335547 0.722266 0.367773 0.737500 0.420898 0.741211 0.555664 0.737500 0.612500 0.767773 0.604883 0.803906 0.593555 0.818945 0.517578 0.828516 0.492969 0.845508 0.483594
3 0.889258 0.447461 0.887305 0.400000 0.864453 0.407617 0.889258 0.447461
2 0.826562 0.369727 0.874023 0.379297 0.849414 0.322266 0.836133 0.310937 0.805664 0.305273 0.777344 0.301563 0.811328 0.341211 0.826562 0.369727
12 0.484180 0.820703 0.527148 0.833398 0.575195 0.823828 0.594727 0.806250 0.617969 0.758789 0.623047 0.707617 0.616211 0.649023 0.599023 0.600977 0.571875 0.579492 0.544141 0.578320 0.520117 0.586523 0.501953 0.604883 0.491211 0.690625 0.480469 0.744336 0.455273 0.748828 0.453320 0.747461 0.458984 0.779687 0.484180 0.820703
12 0.808789 0.593359 0.811328 0.629492 0.807422 0.640234 0.782227 0.648438 0.784766 0.673047 0.792969 0.700195 0.803711 0.707031 0.831445 0.710938 0.854102 0.707031 0.869336 0.690625 0.881250 0.630664 0.878125 0.568750 0.866211 0.539062 0.851562 0.529102 0.826953 0.529102 0.820703 0.540430 0.820703 0.539062 0.812500 0.560547 0.808789 0.593359
