2 0.083360 0.464989 0.064724 0.447083 0.045483 0.475072 0.020351 0.527180 0.042824 0.549060 0.073424 0.497047 0.096695 0.473231 0.083360 0.464989
3 0.072930 0.525363 0.107435 0.473418 0.096719 0.471864 0.073424 0.497047 0.046634 0.554596 0.021076 0.552782 0.017975 0.584960 0.042023 0.594951 0.063460 0.597865 0.123317 0.570780 0.122185 0.557282 0.071140 0.549554 0.072930 0.525363
0 0.131262 0.731100 0.142425 0.707072 0.157574 0.689756 0.143366 0.653174 0.117027 0.617748 0.101453 0.581143 0.062045 0.600575 0.035168 0.596004 0.016584 0.586303 0.016728 0.656433 0.009634 0.671155 0.013973 0.735890 0.022924 0.760268 0.042520 0.790302 0.068205 0.796025 0.077766 0.785448 0.121956 0.794228 0.122614 0.756539 0.131262 0.731100
9 0.595311 0.534481 0.569777 0.531301 0.558518 0.560796 0.566437 0.577148 0.593191 0.577615 0.619275 0.560489 0.595311 0.534481
12 0.673980 0.817343 0.693764 0.836636 0.716620 0.847779 0.744812 0.844169 0.773387 0.829821 0.789947 0.809990 0.801229 0.779128 0.803159 0.746930 0.797129 0.711859 0.781439 0.681893 0.764146 0.665377 0.736018 0.654143 0.700946 0.660172 0.666696 0.697471 0.494407 0.716451 0.279069 0.709799 0.270196 0.717312 0.269280 0.709497 0.259492 0.709195 0.258039 0.702019 0.239804 0.679080 0.196886 0.675791 0.160835 0.699853 0.161611 0.706171 0.151823 0.705869 0.139245 0.732607 0.136947 0.746729 0.134650 0.760851 0.136821 0.793120 0.149614 0.832412 0.162686 0.855691 0.192110 0.871050 0.247495 0.865180 0.268079 0.838582 0.279617 0.793073 0.276465 0.749848 0.504196 0.716753 0.660806 0.721590 0.658781 0.759256 0.663734 0.788839 0.673980 0.817343
5 0.470131 0.454159 0.440544 0.448173 0.400144 0.446101 0.403468 0.490697 0.419349 0.588059 0.424510 0.672928 0.421006 0.728148 0.424513 0.751065 0.421145 0.787339 0.622131 0.777369 0.633741 0.727759 0.639512 0.632142 0.640050 0.601288 0.636444 0.572900 0.627541 0.545788 0.601038 0.519735 0.527824 0.472747 0.470131 0.454159
1 0.296377 0.448392 0.241096 0.459538 0.223593 0.533462 0.207882 0.583000 0.220699 0.620925 0.231865 0.675035 0.270475 0.701298 0.282256 0.720257 0.291063 0.752837 0.295781 0.795895 0.421097 0.790073 0.425785 0.756556 0.419711 0.724024 0.424135 0.694409 0.424625 0.666288 0.401532 0.444953 0.296377 0.448392
7 0.843858 0.575153 0.781834 0.580908 0.820280 0.616545 0.868639 0.621491 0.872951 0.609455 0.870664 0.583825 0.861645 0.563352 0.843858 0.575153
8 0.686285 0.492898 0.699194 0.525551 0.684196 0.545409 0.694702 0.559071 0.724094 0.565054 0.753613 0.574945 0.787326 0.579636 0.842443 0.577863 0.865793 0.560690 0.850008 0.536192 0.822067 0.514217 0.788761 0.497422 0.749987 0.480532 0.635683 0.459784 0.686285 0.492898
6 0.561344 0.477239 0.607773 0.514383 0.641226 0.533915 0.666645 0.543735 0.684265 0.541503 0.698022 0.525530 0.682403 0.491463 0.655782 0.472246 0.630343 0.463597 0.596838 0.446994 0.526433 0.395758 0.519976 0.452294 0.561344 0.477239
