9 0.345424 0.287169 0.334770 0.280157 0.336992 0.236596 0.325938 0.220312 0.298897 0.214132 0.268933 0.213339 0.252998 0.232285 0.246919 0.258355 0.258842 0.275712 0.327126 0.296832 0.341613 0.302872 0.345424 0.287169
9 0.683744 0.267150 0.698674 0.289536 0.700838 0.268946 0.693138 0.254390 0.675246 0.248974 0.683744 0.267150
7 0.515685 0.515199 0.545723 0.535835 0.578798 0.551880 0.622075 0.568016 0.667426 0.577496 0.707981 0.574688 0.705902 0.551492 0.668555 0.477063 0.645295 0.457337 0.600691 0.453827 0.555339 0.444347 0.495438 0.421947 0.494227 0.454028 0.515685 0.515199
4 0.938562 0.568876 0.936289 0.545659 0.927555 0.520389 0.911354 0.541860 0.920319 0.467782 0.903426 0.441655 0.893215 0.450990 0.877879 0.443683 0.801687 0.452957 0.736822 0.455370 0.718769 0.462702 0.683918 0.463556 0.653136 0.459339 0.668678 0.475898 0.702445 0.539542 0.707641 0.557370 0.707112 0.573615 0.682188 0.579047 0.657009 0.577579 0.578553 0.554211 0.542421 0.535488 0.517699 0.516589 0.508609 0.504047 0.426177 0.552139 0.449429 0.650421 0.461155 0.779895 0.508257 0.804484 0.549397 0.820395 0.616716 0.817062 0.693081 0.804271 0.741884 0.792118 0.834449 0.757856 0.871045 0.738529 0.901536 0.711883 0.916694 0.689124 0.911345 0.674618 0.938562 0.568876
7 0.921260 0.470041 0.912765 0.539652 0.930038 0.517312 0.923218 0.440200 0.907308 0.427137 0.899930 0.441287 0.921260 0.470041
8 0.507359 0.297315 0.457051 0.292028 0.403696 0.293293 0.411029 0.311346 0.456670 0.340495 0.554201 0.423410 0.566555 0.447882 0.715273 0.462335 0.738110 0.454327 0.779932 0.450670 0.815968 0.449745 0.878972 0.442619 0.893582 0.447494 0.908596 0.426094 0.862944 0.387713 0.711813 0.308396 0.507359 0.297315
6 0.481382 0.292228 0.646640 0.302528 0.702009 0.302652 0.600430 0.159217 0.568992 0.150021 0.362357 0.116716 0.351572 0.120296 0.370672 0.202037 0.379593 0.247947 0.391387 0.290821 0.481382 0.292228
5 0.357432 0.260740 0.358194 0.232933 0.336615 0.118724 0.313928 0.104752 0.287183 0.093889 0.266515 0.114891 0.214650 0.290706 0.203785 0.371654 0.203333 0.418936 0.197480 0.454064 0.198947 0.483087 0.232452 0.506247 0.259639 0.533457 0.304248 0.570550 0.309614 0.497075 0.321578 0.448647 0.330156 0.389453 0.357432 0.260740
1 0.129704 0.274904 0.142630 0.305132 0.148391 0.338141 0.156687 0.434851 0.174766 0.460907 0.196114 0.478273 0.201606 0.491419 0.199617 0.454289 0.203906 0.424692 0.202620 0.371532 0.206027 0.327899 0.244668 0.180741 0.262949 0.128263 0.286938 0.096220 0.248908 0.095562 0.223238 0.098755 0.201895 0.114972 0.140580 0.203187 0.129704 0.274904
12 0.482936 0.815570 0.489323 0.797781 0.460686 0.784362 0.453297 0.735078 0.450389 0.641291 0.441846 0.601116 0.430575 0.566349 0.422650 0.553929 0.414394 0.548596 0.410767 0.549276 0.406138 0.543263 0.398883 0.544623 0.397881 0.537930 0.387000 0.539970 0.389625 0.532597 0.133680 0.367273 0.129360 0.365992 0.125424 0.361940 0.108911 0.351274 0.091650 0.382846 0.084582 0.424680 0.082815 0.435139 0.082156 0.473169 0.097870 0.544145 0.118254 0.537057 0.310744 0.596567 0.290030 0.649771 0.284028 0.706878 0.298537 0.789315 0.317169 0.821321 0.346577 0.859173 0.377443 0.873807 0.433301 0.869270 0.456975 0.853297 0.482936 0.815570
17 0.490625 0.428125 0.490625 0.460938 0.495313 0.460938 0.496875 0.462500 0.496875 0.464063 0.498437 0.465625 0.498437 0.468750 0.500000 0.470313 0.500000 0.475000 0.501562 0.476562 0.501562 0.481250 0.503125 0.482812 0.503125 0.485938 0.504687 0.487500 0.504687 0.489062 0.506250 0.490625 0.506250 0.493750 0.507812 0.495313 0.507812 0.498437 0.509375 0.500000 0.509375 0.501562 0.510938 0.503125 0.510938 0.504687 0.512500 0.506250 0.512500 0.507812 0.520312 0.515625 0.521875 0.515625 0.523438 0.517187 0.525000 0.517187 0.528125 0.520312 0.529688 0.520312 0.535937 0.526563 0.537500 0.526563 0.540625 0.529688 0.542188 0.529688 0.543750 0.531250 0.545313 0.531250 0.546875 0.532812 0.548437 0.532812 0.551562 0.535937 0.553125 0.535937 0.556250 0.539062 0.557813 0.539062 0.559375 0.540625 0.560938 0.540625 0.562500 0.542188 0.564062 0.542188 0.565625 0.543750 0.567187 0.543750 0.568750 0.545313 0.571875 0.545313 0.573438 0.546875 0.575000 0.546875 0.576563 0.548437 0.579687 0.548437 0.581250 0.550000 0.582812 0.550000 0.584375 0.551562 0.585938 0.551562 0.587500 0.553125 0.589063 0.553125 0.590625 0.554688 0.593750 0.554688 0.595312 0.556250 0.598437 0.556250 0.600000 0.557813 0.601562 0.557813 0.603125 0.559375 0.604688 0.559375 0.606250 0.560938 0.609375 0.560938 0.610937 0.562500 0.614062 0.562500 0.615625 0.564062 0.618750 0.564062 0.620313 0.565625 0.623438 0.565625 0.625000 0.567187 0.629687 0.567187 0.631250 0.568750 0.634375 0.568750 0.635938 0.570312 0.637500 0.570312 0.639063 0.571875 0.639063 0.576563 0.707812 0.576563 0.707812 0.548437 0.703125 0.548437 0.700000 0.545313 0.700000 0.543750 0.696875 0.540625 0.696875 0.539062 0.695312 0.537500 0.695312 0.535937 0.692187 0.532812 0.692187 0.531250 0.690625 0.529688 0.690625 0.528125 0.689062 0.526563 0.689062 0.523438 0.687500 0.521875 0.687500 0.520312 0.681250 0.514063 0.681250 0.512500 0.679688 0.510938 0.679688 0.509375 0.678125 0.507812 0.678125 0.506250 0.676562 0.504687 0.676562 0.503125 0.675000 0.501562 0.675000 0.496875 0.673437 0.495313 0.673437 0.493750 0.671875 0.492188 0.671875 0.489062 0.668750 0.485938 0.668750 0.484375 0.665625 0.481250 0.665625 0.479688 0.648438 0.462500 0.646875 0.462500 0.645312 0.460938 0.642187 0.460938 0.640625 0.459375 0.632812 0.459375 0.631250 0.457812 0.623438 0.457812 0.621875 0.456250 0.615625 0.456250 0.614062 0.454688 0.604688 0.454688 0.603125 0.453125 0.595312 0.453125 0.593750 0.451562 0.587500 0.451562 0.585938 0.450000 0.579687 0.450000 0.578125 0.448438 0.573438 0.448438 0.571875 0.446875 0.564062 0.446875 0.562500 0.445312 0.556250 0.445312 0.554688 0.443750 0.550000 0.443750 0.548437 0.442187 0.545313 0.442187 0.543750 0.440625 0.539062 0.440625 0.537500 0.439063 0.528125 0.439063 0.526563 0.437500 0.523438 0.437500 0.521875 0.435937 0.518750 0.435937 0.517187 0.434375 0.517187 0.428125
