9 0.694550 0.314373 0.714272 0.301376 0.719978 0.279744 0.712208 0.259298 0.697230 0.244090 0.668865 0.246315 0.649810 0.261971 0.643911 0.290380 0.650131 0.309909 0.643443 0.319220 0.651881 0.335581 0.662382 0.325400 0.694550 0.314373
9 0.246648 0.294783 0.261819 0.303214 0.281861 0.269534 0.280630 0.254679 0.263909 0.245331 0.245726 0.251314 0.238878 0.274337 0.246648 0.294783
6 0.277469 0.283993 0.261080 0.330515 0.327799 0.336600 0.501018 0.341557 0.603038 0.338641 0.613408 0.133132 0.559327 0.128983 0.363454 0.142895 0.349311 0.148166 0.317228 0.199041 0.277469 0.283993
8 0.579105 0.364875 0.588849 0.342531 0.562262 0.339088 0.423086 0.341614 0.252278 0.326712 0.141011 0.432405 0.111782 0.469092 0.107864 0.492987 0.121065 0.513864 0.137935 0.508311 0.238730 0.528815 0.390008 0.549937 0.476294 0.519649 0.487816 0.491637 0.579105 0.364875
7 0.366336 0.655257 0.429368 0.648307 0.472555 0.637916 0.501229 0.613821 0.528234 0.542025 0.529900 0.521105 0.519911 0.510570 0.423918 0.539793 0.386443 0.560085 0.351315 0.625182 0.343357 0.649789 0.366336 0.655257
7 0.094477 0.510420 0.093143 0.580466 0.107690 0.601105 0.137286 0.613736 0.130785 0.584737 0.127848 0.552333 0.120905 0.520833 0.104696 0.490769 0.094477 0.510420
4 0.085020 0.580510 0.082212 0.596078 0.096361 0.629083 0.092207 0.644889 0.101638 0.674759 0.136047 0.738304 0.193744 0.778704 0.285428 0.817275 0.386224 0.831036 0.435509 0.830477 0.486140 0.822938 0.573332 0.789913 0.581096 0.772083 0.588355 0.642288 0.593779 0.611186 0.508165 0.607044 0.479287 0.636729 0.445615 0.648219 0.393592 0.654616 0.345416 0.653591 0.359112 0.614287 0.387983 0.553070 0.352763 0.540043 0.218648 0.524026 0.133895 0.509023 0.118609 0.515685 0.140023 0.621385 0.107011 0.604002 0.085020 0.580510
5 0.624664 0.306070 0.629775 0.327183 0.645950 0.357055 0.663677 0.449720 0.695317 0.574044 0.785349 0.457023 0.773692 0.398788 0.765230 0.311430 0.751311 0.248239 0.739694 0.228471 0.686255 0.080622 0.666058 0.090926 0.642804 0.114264 0.631238 0.140896 0.625030 0.191175 0.623337 0.243435 0.624664 0.306070
12 0.625465 0.565934 0.605742 0.578931 0.592592 0.604454 0.581774 0.775930 0.572504 0.800966 0.582896 0.844154 0.599933 0.863164 0.634362 0.857093 0.663758 0.844969 0.688739 0.769563 0.684521 0.675904 0.673383 0.628485 0.654630 0.583995 0.625465 0.565934
2 0.771354 0.043602 0.848234 0.123061 0.858294 0.110379 0.837439 0.053964 0.808073 0.011147 0.787242 0.025728 0.771354 0.043602
1 0.751078 0.055706 0.737818 0.049119 0.709464 0.059275 0.686822 0.075960 0.685475 0.076198 0.731008 0.202832 0.742658 0.232907 0.751424 0.246632 0.758300 0.274375 0.772791 0.371181 0.773827 0.402929 0.785553 0.454806 0.816288 0.410911 0.827522 0.256418 0.841616 0.201377 0.831485 0.151797 0.751078 0.055706
