9 0.754883 0.321289 0.750781 0.299805 0.738672 0.282227 0.710352 0.279492 0.688867 0.291602 0.678125 0.318555 0.680859 0.338867 0.672656 0.346875 0.678125 0.364453 0.690234 0.356250 0.723828 0.350977 0.745508 0.341602 0.754883 0.321289
9 0.311719 0.208203 0.292773 0.210938 0.282031 0.232422 0.286133 0.253906 0.299609 0.264844 0.325195 0.235156 0.326562 0.220312 0.311719 0.208203
6 0.318359 0.248633 0.294141 0.291602 0.358789 0.309180 0.528516 0.344141 0.629492 0.358984 0.675391 0.158398 0.622852 0.144922 0.427539 0.124609 0.412695 0.127344 0.372266 0.171875 0.318359 0.248633
8 0.286133 0.286328 0.158203 0.371094 0.123047 0.402148 0.115039 0.425000 0.124414 0.447852 0.141992 0.445312 0.237695 0.483008 0.383008 0.530078 0.473242 0.515234 0.489453 0.489648 0.601367 0.380664 0.614844 0.360352 0.589258 0.352344 0.451758 0.330664 0.286133 0.286328
7 0.404687 0.633789 0.449023 0.631055 0.481445 0.612305 0.520508 0.546289 0.525781 0.525977 0.517773 0.513867 0.418164 0.525977 0.377734 0.539453 0.331836 0.597461 0.319727 0.620313 0.341406 0.629687 0.404687 0.633789
7 0.123047 0.454688 0.112305 0.422266 0.098828 0.439844 0.085352 0.508594 0.096094 0.531445 0.123047 0.549023 0.121680 0.519336 0.124414 0.486914 0.123047 0.454688
4 0.368359 0.633789 0.321094 0.624414 0.341406 0.588086 0.380469 0.532813 0.348047 0.513867 0.218750 0.474805 0.137891 0.445312 0.121680 0.449219 0.124414 0.557031 0.094922 0.534180 0.077344 0.507227 0.071875 0.522070 0.080078 0.557031 0.073242 0.571875 0.077344 0.602930 0.100195 0.671484 0.150000 0.721289 0.233594 0.775195 0.330469 0.806250 0.379102 0.814258 0.430273 0.815625 0.521875 0.798242 0.532617 0.782031 0.562305 0.655469 0.573047 0.625781 0.489453 0.606836 0.455859 0.631055 0.420703 0.636523 0.368359 0.633789
5 0.787109 0.447852 0.793945 0.360352 0.791211 0.295703 0.783203 0.274219 0.756250 0.119336 0.734570 0.125977 0.707617 0.144922 0.691602 0.169141 0.676758 0.217578 0.666016 0.268750 0.656445 0.330664 0.657813 0.352344 0.668555 0.384570 0.669922 0.478906 0.679492 0.606836 0.788477 0.507227 0.787109 0.447852
12 0.532617 0.785937 0.519141 0.808984 0.521875 0.853320 0.535352 0.875000 0.570312 0.875000 0.601367 0.868164 0.639062 0.798242 0.651172 0.705273 0.648438 0.656641 0.637695 0.609570 0.612109 0.586719 0.590430 0.596094 0.573047 0.618945 0.532617 0.785937
2 0.920508 0.178516 0.909766 0.119336 0.888281 0.072070 0.865234 0.082812 0.846484 0.097656 0.908398 0.189258 0.920508 0.178516
1 0.785352 0.279102 0.791602 0.294141 0.793555 0.322656 0.791016 0.420508 0.786523 0.451953 0.789062 0.505078 0.826953 0.467187 0.864844 0.316992 0.888281 0.265234 0.886914 0.214648 0.824414 0.106055 0.812500 0.097266 0.782813 0.102344 0.757617 0.114844 0.756250 0.114844 0.779102 0.247461 0.785352 0.279102
17 0.475000 0.515625 0.475000 0.520312 0.473437 0.521875 0.454688 0.521875 0.453125 0.523438 0.443750 0.523438 0.442187 0.525000 0.432813 0.525000 0.431250 0.526563 0.423438 0.526563 0.421875 0.528125 0.415625 0.528125 0.414062 0.529688 0.407813 0.529688 0.406250 0.531250 0.398438 0.531250 0.396875 0.532812 0.390625 0.532812 0.389062 0.534375 0.381250 0.534375 0.379687 0.535937 0.376563 0.535937 0.373437 0.539062 0.371875 0.539062 0.370313 0.540625 0.370313 0.543750 0.368750 0.545313 0.368750 0.546875 0.364062 0.551562 0.364062 0.553125 0.359375 0.557813 0.359375 0.559375 0.354688 0.564062 0.354688 0.565625 0.350000 0.570312 0.350000 0.571875 0.348437 0.573438 0.346875 0.573438 0.343750 0.576563 0.343750 0.578125 0.339063 0.582812 0.339063 0.584375 0.334375 0.589063 0.334375 0.590625 0.331250 0.593750 0.331250 0.595312 0.329688 0.596875 0.329688 0.598437 0.326562 0.601562 0.326562 0.603125 0.325000 0.604688 0.325000 0.606250 0.323438 0.607813 0.323438 0.609375 0.320312 0.612500 0.315625 0.612500 0.315625 0.626562 0.325000 0.626562 0.326562 0.628125 0.329688 0.628125 0.331250 0.629687 0.335938 0.629687 0.337500 0.631250 0.343750 0.631250 0.345313 0.632812 0.346875 0.632812 0.348437 0.634375 0.348437 0.639063 0.442187 0.639063 0.442187 0.634375 0.445312 0.631250 0.448438 0.631250 0.450000 0.629687 0.453125 0.629687 0.454688 0.628125 0.457812 0.628125 0.459375 0.626562 0.460938 0.626562 0.462500 0.625000 0.464063 0.625000 0.465625 0.623438 0.467187 0.623438 0.468750 0.621875 0.470313 0.621875 0.479688 0.612500 0.479688 0.610937 0.484375 0.606250 0.484375 0.604688 0.485938 0.603125 0.485938 0.601562 0.489062 0.598437 0.489062 0.596875 0.490625 0.595312 0.490625 0.593750 0.493750 0.590625 0.493750 0.589063 0.496875 0.585938 0.496875 0.584375 0.498437 0.582812 0.498437 0.581250 0.500000 0.579687 0.500000 0.578125 0.501562 0.576563 0.501562 0.575000 0.503125 0.573438 0.503125 0.570312 0.504687 0.568750 0.504687 0.567187 0.506250 0.565625 0.506250 0.564062 0.507812 0.562500 0.507812 0.560938 0.509375 0.559375 0.509375 0.557813 0.510938 0.556250 0.510938 0.554688 0.512500 0.553125 0.512500 0.551562 0.515625 0.548437 0.520312 0.548437 0.520312 0.515625
