13 0.098470 0.354258 0.091660 0.363613 0.086560 0.374663 0.082590 0.387421 0.078050 0.399325 0.074640 0.411229 0.071810 0.424843 0.070110 0.438441 0.069540 0.451199 0.069540 0.464798 0.070670 0.477556 0.072940 0.491169 0.076910 0.503913 0.084290 0.511574 0.092230 0.519220 0.100730 0.526027 0.108110 0.532834 0.115480 0.540480 0.122850 0.548981 0.130230 0.557496 0.137030 0.567691 0.144970 0.575352 0.152350 0.582144 0.160290 0.588951 0.165960 0.571949 0.167090 0.559190 0.167660 0.543883 0.169360 0.527721 0.172200 0.514978 0.174470 0.502219 0.175600 0.488606 0.177300 0.475007 0.179570 0.462249 0.180140 0.446102 0.180140 0.431634 0.179010 0.418891 0.175030 0.406972 0.167090 0.401874 0.158020 0.401874 0.149510 0.400180 0.141000 0.397631 0.134770 0.388276 0.130800 0.376372 0.125120 0.366162 0.116620 0.360210 0.108680 0.354258
13 0.248200 0.511574 0.248200 0.525172 0.248200 0.541334 0.249900 0.554093 0.252740 0.566837 0.257840 0.577901 0.265220 0.584693 0.273720 0.593208 0.280530 0.601709 0.286200 0.611904 0.292440 0.623823 0.298110 0.634018 0.305490 0.641679 0.312860 0.632324 0.319660 0.623823 0.327040 0.617016 0.332710 0.606807 0.330440 0.594048 0.323070 0.585547 0.315130 0.577046 0.307190 0.569400 0.299810 0.560885 0.293010 0.550690 0.288470 0.538786 0.283370 0.527721 0.276560 0.517526 0.270890 0.506462 0.263510 0.498816 0.255010 0.495412 0.247630 0.499670
14 0.210210 0.170420 0.220590 0.156072 0.235740 0.147691 0.247710 0.142909 0.260480 0.142909 0.272450 0.141709 0.285210 0.140510 0.298780 0.138126 0.314730 0.138126 0.336280 0.138126 0.354630 0.138126 0.369790 0.138126 0.388940 0.135727 0.401700 0.133343 0.414470 0.132144 0.429630 0.132144 0.446380 0.133343 0.458350 0.135727 0.471910 0.139325 0.483880 0.141709 0.497100 0.142729 0.511100 0.146177 0.522100 0.153973 0.532550 0.162054 0.549310 0.178801 0.563670 0.191949 0.558390 0.197286 0.551730 0.192954 0.545750 0.189970 0.539320 0.187301 0.534440 0.184648 0.529780 0.182984 0.525790 0.181649 0.516040 0.180660 0.508940 0.181319 0.496530 0.182984 0.488550 0.184648 0.479450 0.185982 0.466150 0.187976 0.455070 0.189295 0.443540 0.191634 0.434890 0.192954 0.427130 0.193958 0.411610 0.195292 0.392990 0.196282 0.380570 0.197616 0.369930 0.198276 0.361950 0.199280 0.353300 0.199610 0.345320 0.199610 0.341990 0.199940 0.334900 0.200270 0.324920 0.202264 0.316720 0.203598 0.312950 0.203598 0.307180 0.202264 0.302080 0.197946 0.297870 0.196942 0.291660 0.196612 0.288120 0.196612 0.281690 0.197286 0.277030 0.198276 0.267720 0.200600 0.257300 0.202594 0.251310 0.203268 0.241330 0.204588 0.218990 0.194348 0.215800 0.184768
14 0.315530 0.455112 0.328300 0.446747 0.348240 0.445547 0.361810 0.446747 0.372980 0.455112 0.384150 0.464693 0.396120 0.477841 0.411280 0.494588 0.420850 0.512534 0.428030 0.534063 0.433620 0.552009 0.438400 0.568756 0.439200 0.587901 0.429630 0.605847 0.416860 0.611829 0.404100 0.614213 0.392130 0.615412 0.376970 0.615412 0.364200 0.615412 0.353830 0.603448 0.346650 0.586702 0.341060 0.569955 0.335480 0.553208 0.330690 0.536462 0.325110 0.519715 0.318720 0.500570 0.312340 0.480240 0.310740 0.462294
14 0.328910 0.689715 0.336300 0.689715 0.346450 0.689715 0.355230 0.689715 0.362610 0.689715 0.371390 0.692489 0.377850 0.696642 0.383850 0.702174 0.390780 0.704258 0.392160 0.716012 0.389860 0.726402 0.385700 0.735397 0.384780 0.745787 0.384320 0.756177 0.388470 0.765862 0.393550 0.773478 0.397240 0.782474 0.389860 0.789400 0.382010 0.788711 0.375080 0.787316 0.367690 0.787316 0.359380 0.787316 0.351530 0.787316 0.340910 0.786627 0.332140 0.786627 0.325680 0.781784 0.322440 0.772099 0.325210 0.760330 0.330290 0.752024 0.335830 0.743703 0.337680 0.732639 0.338140 0.720870 0.332600 0.710480 0.325680 0.705637 0.318290 0.707016 0.310900 0.707706 0.304440 0.701484 0.309510 0.693178 0.316900 0.690405
14 0.342660 0.841514 0.331070 0.849625 0.329530 0.866987 0.341890 0.873943 0.354250 0.876252 0.368150 0.877421 0.385150 0.873943 0.398280 0.868156 0.408330 0.857721 0.402150 0.842669 0.390560 0.844993 0.378200 0.849625 0.365840 0.846147
14 0.411280 0.456312 0.416860 0.474258 0.423240 0.492204 0.428830 0.508951 0.436010 0.526897 0.442390 0.542444 0.451970 0.560390 0.460740 0.574738 0.471910 0.581919 0.483880 0.584303 0.497450 0.589100 0.510210 0.591484 0.526170 0.595067 0.538140 0.596267 0.550900 0.597466 0.562870 0.598666 0.576440 0.598666 0.588400 0.596267 0.601970 0.591484 0.615530 0.589100 0.629890 0.587901 0.642660 0.586702 0.655430 0.580720 0.667390 0.579520 0.681760 0.575937 0.695320 0.571154 0.709680 0.560390 0.720850 0.549625 0.724040 0.530480 0.717660 0.510150 0.712870 0.493403 0.704890 0.479040 0.694520 0.464693 0.683350 0.457511 0.666600 0.446747 0.654630 0.439565 0.641060 0.433583 0.623510 0.427601 0.605160 0.422819 0.586810 0.419235 0.566060 0.413253 0.550110 0.409655 0.533350 0.403688 0.521380 0.401289 0.503830 0.397706 0.484680 0.396507 0.467130 0.396507 0.451170 0.402489 0.434410 0.408471 0.421650 0.419235 0.409680 0.431199
14 0.755160 0.468276 0.754360 0.502969 0.755960 0.525697 0.763140 0.544828 0.772710 0.559190 0.782290 0.571154 0.795050 0.575937 0.808620 0.577136 0.821380 0.577136 0.827770 0.560390 0.820590 0.542444 0.810210 0.531679 0.800640 0.518516 0.792660 0.502969 0.783090 0.483823 0.775110 0.469475 0.758350 0.461094
15 0.275360 0.688786 0.283340 0.709790 0.287650 0.717226 0.307050 0.722069 0.323440 0.723688 0.328610 0.728861 0.330980 0.745022 0.330290 0.752024 0.334430 0.740495 0.333140 0.724663 0.328830 0.717871 0.320200 0.712054 0.299940 0.704618 0.297570 0.676492
15 0.362160 0.793988 0.371280 0.818126 0.373960 0.846267 0.379860 0.843058 0.374500 0.800420 0.367690 0.787316
16 0.241330 0.204588 0.238900 0.208576 0.237340 0.214903 0.236460 0.220555 0.236010 0.226192 0.235570 0.231184 0.235130 0.236177 0.233800 0.244483 0.232690 0.249805 0.232240 0.254783 0.232020 0.262759 0.232020 0.269415 0.232020 0.274723 0.232020 0.282714 0.232020 0.290015 0.232020 0.295997 0.232020 0.301319 0.232240 0.306642 0.232690 0.312624 0.233130 0.317616 0.233800 0.322594 0.234900 0.328576 0.235570 0.333898 0.236460 0.339220 0.237560 0.344873 0.238450 0.349850 0.239780 0.354513 0.241560 0.360165 0.242660 0.365472 0.244440 0.369805 0.248870 0.372459 0.252200 0.373448 0.255750 0.374123 0.259290 0.374783 0.262620 0.375112 0.266390 0.375787 0.269940 0.376117 0.273480 0.376447 0.277030 0.376117 0.280800 0.375442 0.285680 0.375442 0.289450 0.375112 0.293660 0.375112 0.297430 0.375112 0.301200 0.375787 0.305190 0.376117 0.309400 0.376447 0.312730 0.377106 0.316940 0.377106 0.321370 0.377106 0.326470 0.377106 0.331130 0.377106 0.335340 0.377106 0.340440 0.377106 0.344430 0.377106 0.348640 0.377106 0.351970 0.376447 0.355520 0.375787 0.359950 0.375112 0.364830 0.375112 0.369930 0.375112 0.373920 0.375112 0.377470 0.375112 0.382120 0.375112 0.385890 0.375112 0.390330 0.374453 0.393650 0.374123 0.397860 0.373118 0.401630 0.372789 0.405180 0.372129 0.409610 0.372129 0.413380 0.372129 0.416710 0.371799 0.421810 0.371454 0.425580 0.371454 0.430680 0.371454 0.438440 0.371454 0.442430 0.370465 0.446200 0.370135 0.450850 0.369805 0.454840 0.369805 0.460830 0.369805 0.464820 0.369805 0.471250 0.369805 0.474800 0.369805 0.479450 0.369130 0.484550 0.368801 0.490980 0.368801 0.495640 0.369460 0.499850 0.369805 0.507390 0.370795 0.513380 0.372129 0.522910 0.373448 0.529780 0.373448 0.534660 0.373448 0.541760 0.373448 0.546630 0.372789 0.550180 0.372459 0.555280 0.371799 0.559490 0.371799 0.564590 0.371454 0.568810 0.370795 0.574130 0.370795 0.579230 0.370465 0.582770 0.370465 0.586990 0.370465 0.591640 0.370465 0.595630 0.370795 0.601180 0.372129 0.605610 0.373448 0.611370 0.374453 0.616920 0.375112 0.626010 0.375787 0.631770 0.375787 0.635760 0.375787 0.639980 0.375787 0.648180 0.376117 0.656600 0.376777 0.661260 0.376117 0.665690 0.374783 0.670350 0.372459 0.671020 0.366477 0.670130 0.360825 0.668580 0.354513 0.666580 0.349850 0.664360 0.344198 0.663030 0.339550 0.659490 0.332894 0.657050 0.327586 0.655050 0.322924 0.650400 0.316612 0.647510 0.310300 0.643300 0.301994 0.639310 0.297661 0.636430 0.293013 0.631770 0.287031 0.628230 0.281379 0.623130 0.274723 0.620240 0.270405 0.615810 0.263433 0.613590 0.259100 0.610040 0.254123 0.606050 0.248801 0.603170 0.244153 0.598960 0.238831 0.595850 0.234843 0.590980 0.229190 0.588090 0.225532 0.585210 0.220885 0.582550 0.216552 0.579000 0.212909 0.572800 0.208246 0.566150 0.202924 0.558390 0.197286 0.551730 0.192954 0.545750 0.189970 0.539320 0.187301 0.534440 0.184648 0.529780 0.182984 0.525790 0.181649 0.516040 0.180660 0.508940 0.181319 0.496530 0.182984 0.488550 0.184648 0.479450 0.185982 0.466150 0.187976 0.455070 0.189295 0.443540 0.191634 0.434890 0.192954 0.427130 0.193958 0.411610 0.195292 0.392990 0.196282 0.380570 0.197616 0.369930 0.198276 0.361950 0.199280 0.353300 0.199610 0.345320 0.199610 0.341990 0.199940 0.334900 0.200270 0.324920 0.202264 0.316720 0.203598 0.312950 0.203598 0.307180 0.202264 0.302080 0.197946 0.297870 0.196942 0.291660 0.196612 0.288120 0.196612 0.281690 0.197286 0.277030 0.198276 0.267720 0.200600 0.257300 0.202594 0.251310 0.203268
17 0.414510 0.630720 0.424550 0.685157 0.559740 0.696732 0.565920 0.686312 0.553560 0.650405 0.533480 0.627241 0.447730 0.623763
8 0.242188 0.382871 0.242188 0.389899 0.240625 0.392241 0.235938 0.392241 0.234375 0.394584 0.228125 0.394584 0.228125 0.418010 0.234375 0.418010 0.235938 0.420352 0.235938 0.422695 0.242188 0.432065 0.243750 0.432065 0.262500 0.460176 0.262500 0.462519 0.264062 0.464861 0.265625 0.464861 0.271875 0.474232 0.273438 0.474232 0.278125 0.481259 0.279687 0.481259 0.281250 0.483602 0.282813 0.483602 0.284375 0.485945 0.289062 0.478917 0.290625 0.478917 0.293750 0.483602 0.295312 0.483602 0.300000 0.490630 0.301562 0.490630 0.304688 0.495315 0.304688 0.497657 0.306250 0.500000 0.306250 0.502343 0.309375 0.507028 0.309375 0.509370 0.312500 0.514055 0.312500 0.516398 0.317187 0.523426 0.317187 0.525768 0.323438 0.535139 0.323438 0.537481 0.329688 0.546852 0.329688 0.549194 0.332812 0.553879 0.332812 0.556222 0.334375 0.558564 0.334375 0.560907 0.337500 0.565592 0.337500 0.567935 0.339063 0.570277 0.339063 0.572620 0.340625 0.574962 0.340625 0.577305 0.342187 0.579648 0.342187 0.581990 0.345313 0.586675 0.345313 0.589018 0.348437 0.593703 0.348437 0.596046 0.359375 0.612444 0.365625 0.612444 0.367188 0.614786 0.393750 0.614786 0.395312 0.612444 0.396875 0.612444 0.398438 0.614786 0.414062 0.614786 0.415625 0.612444 0.439063 0.612444 0.440625 0.614786 0.446875 0.614786 0.448438 0.617129 0.448438 0.624157 0.748438 0.624157 0.748438 0.617129 0.751562 0.612444 0.753125 0.612444 0.754687 0.610101 0.756250 0.610101 0.759375 0.605416 0.760938 0.605416 0.762500 0.603073 0.764063 0.603073 0.765625 0.600731 0.768750 0.600731 0.770312 0.598388 0.771875 0.598388 0.773438 0.596046 0.776563 0.596046 0.778125 0.593703 0.784375 0.593703 0.785937 0.591361 0.792188 0.591361 0.793750 0.589018 0.818750 0.589018 0.820312 0.586675 0.828125 0.586675 0.829687 0.584333 0.831250 0.584333 0.832812 0.581990 0.839063 0.581990 0.839063 0.577305 0.834375 0.577305 0.831250 0.572620 0.831250 0.570277 0.829687 0.567935 0.829687 0.565592 0.828125 0.563250 0.828125 0.560907 0.826563 0.558564 0.826563 0.556222 0.820312 0.546852 0.820312 0.544509 0.817187 0.539824 0.817187 0.537481 0.807813 0.523426 0.807813 0.521083 0.798437 0.507028 0.796875 0.507028 0.784375 0.488287 0.784375 0.485945 0.782812 0.483602 0.781250 0.483602 0.768750 0.464861 0.768750 0.462519 0.753125 0.439093 0.751562 0.439093 0.746875 0.432065 0.745313 0.432065 0.742188 0.427380 0.740625 0.427380 0.737500 0.422695 0.735937 0.422695 0.734375 0.420352 0.732813 0.420352 0.731250 0.418010 0.729688 0.418010 0.728125 0.415667 0.726562 0.415667 0.725000 0.413325 0.723437 0.413325 0.721875 0.410982 0.718750 0.410982 0.717188 0.408639 0.715625 0.408639 0.714063 0.406297 0.710938 0.406297 0.709375 0.403954 0.707812 0.403954 0.706250 0.401612 0.703125 0.401612 0.700000 0.396927 0.698438 0.396927 0.696875 0.394584 0.692187 0.394584 0.690625 0.396927 0.687500 0.396927 0.685938 0.394584 0.634375 0.394584 0.632812 0.392241 0.612500 0.392241 0.610937 0.389899 0.610937 0.382871
12 0.181250 0.694434 0.181250 0.715517 0.179688 0.717860 0.179688 0.743628 0.181250 0.745971 0.179688 0.748313 0.179688 0.750656 0.178125 0.752998 0.178125 0.767054 0.176563 0.769397 0.176563 0.827961 0.178125 0.830304 0.178125 0.846702 0.179688 0.849044 0.179688 0.860757 0.181250 0.863100 0.181250 0.872470 0.182812 0.874813 0.182812 0.879498 0.184375 0.881840 0.184375 0.884183 0.190625 0.893553 0.192188 0.893553 0.193750 0.895896 0.195312 0.895896 0.196875 0.898238 0.200000 0.898238 0.203125 0.902924 0.204688 0.902924 0.207813 0.907609 0.209375 0.907609 0.210938 0.909951 0.212500 0.909951 0.214062 0.912294 0.217187 0.912294 0.218750 0.914636 0.220313 0.914636 0.221875 0.916979 0.225000 0.916979 0.226562 0.919322 0.228125 0.919322 0.229687 0.921664 0.231250 0.921664 0.232812 0.924007 0.234375 0.924007 0.235938 0.926349 0.237500 0.926349 0.239063 0.928692 0.240625 0.928692 0.242188 0.931035 0.245312 0.931035 0.246875 0.933377 0.248437 0.933377 0.250000 0.935720 0.250000 0.942747 0.281250 0.942747 0.281250 0.933377 0.282813 0.931035 0.284375 0.931035 0.284375 0.928692 0.290625 0.919322 0.290625 0.916979 0.296875 0.907609 0.301562 0.907609 0.301562 0.858415 0.295312 0.858415 0.293750 0.856072 0.292188 0.856072 0.285937 0.846702 0.284375 0.846702 0.273438 0.830304 0.273438 0.827961 0.270312 0.823276 0.270312 0.820933 0.267188 0.816248 0.267188 0.813906 0.264062 0.809220 0.264062 0.806878 0.254687 0.792822 0.254687 0.790480 0.251563 0.785795 0.251563 0.783452 0.245312 0.774082 0.245312 0.771739 0.242188 0.767054 0.242188 0.764711 0.237500 0.757684 0.237500 0.755341 0.235938 0.752998 0.235938 0.750656 0.234375 0.748313 0.234375 0.745971 0.231250 0.741286 0.231250 0.738943 0.229687 0.736600 0.229687 0.734258 0.228125 0.731915 0.228125 0.729573 0.226562 0.727230 0.226562 0.722545 0.225000 0.720202 0.225000 0.710832 0.226562 0.708489 0.226562 0.706147 0.228125 0.703804 0.228125 0.701462 0.232812 0.694434 0.234375 0.694434 0.235938 0.692091 0.237500 0.692091 0.239063 0.689749 0.240625 0.689749 0.234375 0.680379 0.232812 0.680379 0.231250 0.678036 0.231250 0.675693 0.229687 0.673351 0.229687 0.671008 0.228125 0.668666 0.228125 0.663980 0.226562 0.661638 0.226562 0.659295 0.228125 0.656953 0.228125 0.654610 0.226562 0.652268 0.221875 0.652268 0.220313 0.649925 0.217187 0.649925 0.215625 0.647582 0.214062 0.647582 0.210938 0.642897 0.204688 0.642897 0.203125 0.645240 0.201562 0.645240 0.198437 0.649925 0.196875 0.649925 0.187500 0.663980 0.187500 0.666323 0.185937 0.668666 0.185937 0.675693 0.184375 0.678036 0.184375 0.682721 0.182812 0.685064 0.182812 0.692091 0.181250 0.694434 0.107813 0.663980 0.107813 0.659295 0.104687 0.654610 0.103125 0.654610 0.098438 0.647582 0.096875 0.647582 0.090625 0.638212 0.089062 0.638212 0.085938 0.633527 0.084375 0.633527 0.079687 0.626499 0.078125 0.626499 0.070312 0.614786 0.070312 0.612444 0.068750 0.610101 0.068750 0.607759 0.067188 0.605416 0.067188 0.603073 0.065625 0.600731 0.065625 0.596046 0.064062 0.593703 0.064062 0.589018 0.062500 0.586675 0.062500 0.579648 0.060938 0.577305 0.060938 0.572620 0.059375 0.570277 0.059375 0.567935 0.057813 0.565592 0.057813 0.560907 0.056250 0.558564 0.056250 0.549194 0.054688 0.546852 0.054688 0.544509 0.053125 0.542166 0.053125 0.537481 0.051562 0.535139 0.051562 0.530454 0.050000 0.528111 0.050000 0.525768 0.048437 0.523426 0.048437 0.518741 0.046875 0.516398 0.046875 0.511713 0.045313 0.509370 0.045313 0.507028 0.042188 0.502343 0.042188 0.497657 0.040625 0.495315 0.040625 0.485945 0.039062 0.485945 0.039062 0.495315 0.037500 0.497657 0.037500 0.502343 0.035937 0.504685 0.035937 0.507028 0.034375 0.509370 0.034375 0.511713 0.032812 0.514055 0.028125 0.514055 0.028125 0.699119 0.032812 0.699119 0.035937 0.703804 0.035937 0.706147 0.037500 0.708489 0.037500 0.713175 0.039062 0.715517 0.039062 0.717860 0.045313 0.727230 0.048437 0.727230 0.050000 0.729573 0.084375 0.729573 0.085938 0.727230 0.087500 0.727230 0.090625 0.722545 0.090625 0.720202 0.095312 0.713175 0.095312 0.710832 0.096875 0.708489 0.096875 0.703804 0.098438 0.701462 0.098438 0.687406 0.100000 0.685064 0.100000 0.678036 0.103125 0.673351 0.103125 0.671008 0.107813 0.663980
6 0.257812 0.186094 0.257812 0.193122 0.256250 0.195465 0.254687 0.195465 0.253125 0.197807 0.248437 0.197807 0.246875 0.200150 0.242188 0.200150 0.240625 0.202493 0.239063 0.202493 0.237500 0.204835 0.237500 0.214205 0.235938 0.216548 0.235938 0.228261 0.234375 0.230603 0.234375 0.261057 0.232812 0.263400 0.228125 0.263400 0.228125 0.399269 0.254687 0.399269 0.254687 0.392241 0.256250 0.389899 0.257812 0.389899 0.259375 0.387556 0.278125 0.387556 0.279687 0.385214 0.292188 0.385214 0.293750 0.382871 0.434375 0.382871 0.435937 0.385214 0.517187 0.385214 0.518750 0.387556 0.532812 0.387556 0.534375 0.389899 0.589063 0.389899 0.590625 0.392241 0.590625 0.399269 0.695312 0.399269 0.695312 0.378186 0.690625 0.378186 0.685938 0.371158 0.685938 0.368816 0.684375 0.366473 0.684375 0.364130 0.660937 0.328992 0.660937 0.326649 0.650000 0.310251 0.648438 0.310251 0.639063 0.296196 0.639063 0.293853 0.634375 0.286825 0.634375 0.284483 0.612500 0.251687 0.610937 0.251687 0.595312 0.228261 0.593750 0.228261 0.581250 0.209520 0.579687 0.209520 0.575000 0.202493 0.573438 0.202493 0.567187 0.193122 0.567187 0.186094
1 0.146875 0.120502 0.146875 0.127530 0.143750 0.132215 0.142188 0.132215 0.139062 0.136900 0.137500 0.136900 0.134375 0.141585 0.132812 0.141585 0.131250 0.143928 0.129688 0.143928 0.125000 0.150956 0.123438 0.150956 0.118750 0.157984 0.117188 0.157984 0.092188 0.195465 0.092188 0.197807 0.082813 0.211863 0.082813 0.214205 0.078125 0.221233 0.078125 0.223576 0.073437 0.230603 0.073437 0.232946 0.071875 0.235289 0.071875 0.237631 0.065625 0.247001 0.065625 0.249344 0.064062 0.251687 0.064062 0.256372 0.062500 0.258714 0.062500 0.261057 0.060938 0.263400 0.060938 0.265742 0.059375 0.268085 0.059375 0.270427 0.057813 0.272770 0.057813 0.277455 0.056250 0.279798 0.056250 0.286825 0.054688 0.289168 0.054688 0.293853 0.053125 0.296196 0.053125 0.300881 0.051562 0.303223 0.051562 0.305566 0.050000 0.307909 0.050000 0.312594 0.048437 0.314936 0.048437 0.317279 0.046875 0.319621 0.046875 0.321964 0.045313 0.324307 0.045313 0.328992 0.043750 0.331334 0.043750 0.347732 0.042188 0.350075 0.042188 0.366473 0.040625 0.368816 0.040625 0.375843 0.039062 0.378186 0.039062 0.382871 0.037500 0.385214 0.037500 0.389899 0.035937 0.392241 0.035937 0.403954 0.034375 0.406297 0.034375 0.410982 0.032812 0.413325 0.028125 0.413325 0.028125 0.441436 0.032812 0.441436 0.037500 0.448463 0.037500 0.450806 0.039062 0.453148 0.039062 0.460176 0.040625 0.462519 0.040625 0.467204 0.042188 0.469546 0.042188 0.474232 0.043750 0.476574 0.043750 0.478917 0.045313 0.481259 0.045313 0.485945 0.046875 0.488287 0.046875 0.495315 0.048437 0.497657 0.048437 0.502343 0.050000 0.504685 0.050000 0.511713 0.051562 0.514055 0.051562 0.523426 0.053125 0.525768 0.053125 0.530454 0.054688 0.532796 0.054688 0.535139 0.056250 0.537481 0.056250 0.539824 0.057813 0.542166 0.057813 0.549194 0.059375 0.551537 0.059375 0.556222 0.060938 0.558564 0.060938 0.560907 0.062500 0.563250 0.062500 0.567935 0.064062 0.570277 0.064062 0.579648 0.065625 0.581990 0.065625 0.584333 0.068750 0.589018 0.068750 0.591361 0.070312 0.593703 0.070312 0.596046 0.071875 0.598388 0.071875 0.600731 0.073437 0.600731 0.082813 0.614786 0.084375 0.614786 0.089062 0.621814 0.090625 0.621814 0.095312 0.628842 0.095312 0.631184 0.096875 0.631184 0.098438 0.628842 0.098438 0.624157 0.096875 0.621814 0.096875 0.619471 0.095312 0.617129 0.095312 0.612444 0.093750 0.610101 0.093750 0.605416 0.090625 0.600731 0.090625 0.596046 0.089062 0.593703 0.089062 0.586675 0.087500 0.584333 0.087500 0.579648 0.085938 0.577305 0.085938 0.565592 0.084375 0.563250 0.084375 0.556222 0.082813 0.553879 0.082813 0.511713 0.084375 0.509370 0.084375 0.507028 0.087500 0.502343 0.087500 0.497657 0.093750 0.488287 0.095312 0.488287 0.096875 0.485945 0.096875 0.483602 0.098438 0.481259 0.098438 0.467204 0.100000 0.464861 0.100000 0.462519 0.101562 0.460176 0.101562 0.455491 0.103125 0.453148 0.103125 0.448463 0.104687 0.446121 0.103125 0.443778 0.103125 0.425037 0.101562 0.422695 0.101562 0.420352 0.100000 0.418010 0.100000 0.413325 0.098438 0.410982 0.098438 0.408639 0.100000 0.406297 0.100000 0.403954 0.101562 0.401612 0.101562 0.399269 0.103125 0.396927 0.103125 0.394584 0.104687 0.392241 0.104687 0.385214 0.103125 0.382871 0.103125 0.380529 0.101562 0.378186 0.100000 0.378186 0.098438 0.375843 0.096875 0.375843 0.093750 0.371158 0.095312 0.368816 0.095312 0.364130 0.098438 0.359445 0.100000 0.359445 0.101562 0.357103 0.103125 0.357103 0.103125 0.354760 0.104687 0.352418 0.106250 0.352418 0.107813 0.350075 0.107813 0.347732 0.109375 0.345390 0.109375 0.343047 0.110937 0.340705 0.110937 0.338362 0.112500 0.336020 0.112500 0.333677 0.114063 0.331334 0.114063 0.328992 0.117188 0.324307 0.117188 0.321964 0.118750 0.319621 0.118750 0.317279 0.120312 0.314936 0.120312 0.310251 0.121875 0.307909 0.121875 0.305566 0.123438 0.303223 0.123438 0.300881 0.132812 0.286825 0.132812 0.284483 0.134375 0.282140 0.134375 0.279798 0.135937 0.277455 0.135937 0.272770 0.137500 0.270427 0.137500 0.256372 0.139062 0.254029 0.139062 0.247001 0.140625 0.244659 0.140625 0.237631 0.142188 0.235289 0.142188 0.228261 0.143750 0.225918 0.143750 0.218891 0.145313 0.216548 0.145313 0.214205 0.146875 0.211863 0.146875 0.207178 0.148438 0.204835 0.148438 0.202493 0.150000 0.200150 0.150000 0.197807 0.151562 0.195465 0.151562 0.190780 0.153125 0.188437 0.153125 0.183752 0.154687 0.181409 0.154687 0.176724 0.156250 0.174382 0.156250 0.172039 0.157813 0.169696 0.157813 0.165011 0.159375 0.162669 0.159375 0.157984 0.160938 0.155641 0.160938 0.148613 0.162500 0.146271 0.162500 0.141585 0.165625 0.136900 0.170312 0.136900 0.170312 0.120502
5 0.164062 0.129873 0.164062 0.148613 0.162500 0.150956 0.162500 0.165011 0.160938 0.167354 0.160938 0.169696 0.159375 0.172039 0.159375 0.174382 0.157813 0.176724 0.157813 0.181409 0.156250 0.183752 0.156250 0.188437 0.154687 0.190780 0.154687 0.195465 0.153125 0.197807 0.153125 0.202493 0.151562 0.204835 0.151562 0.209520 0.150000 0.211863 0.150000 0.214205 0.148438 0.216548 0.148438 0.223576 0.146875 0.225918 0.146875 0.232946 0.145313 0.235289 0.145313 0.242316 0.143750 0.244659 0.143750 0.249344 0.142188 0.251687 0.142188 0.256372 0.140625 0.258714 0.140625 0.277455 0.139062 0.279798 0.139062 0.289168 0.135937 0.293853 0.135937 0.296196 0.134375 0.298538 0.132812 0.298538 0.126563 0.307909 0.126563 0.310251 0.125000 0.312594 0.125000 0.314936 0.123438 0.317279 0.123438 0.319621 0.118750 0.326649 0.118750 0.328992 0.115625 0.333677 0.115625 0.336020 0.114063 0.338362 0.114063 0.343047 0.112500 0.345390 0.112500 0.350075 0.110937 0.352418 0.110937 0.354760 0.107813 0.359445 0.107813 0.361788 0.106250 0.364130 0.106250 0.368816 0.104687 0.371158 0.106250 0.373501 0.106250 0.375843 0.109375 0.380529 0.109375 0.385214 0.110937 0.387556 0.110937 0.392241 0.107813 0.396927 0.107813 0.399269 0.106250 0.401612 0.106250 0.403954 0.104687 0.406297 0.104687 0.410982 0.106250 0.413325 0.106250 0.415667 0.107813 0.418010 0.107813 0.443778 0.106250 0.446121 0.106250 0.450806 0.104687 0.453148 0.104687 0.457834 0.103125 0.460176 0.103125 0.462519 0.101562 0.464861 0.101562 0.478917 0.100000 0.481259 0.100000 0.483602 0.093750 0.492972 0.093750 0.495315 0.092188 0.497657 0.092188 0.500000 0.089062 0.504685 0.084375 0.504685 0.084375 0.603073 0.089062 0.603073 0.092188 0.607759 0.092188 0.610101 0.093750 0.612444 0.093750 0.617129 0.095312 0.619471 0.095312 0.621814 0.096875 0.624157 0.096875 0.626499 0.098438 0.628842 0.098438 0.631184 0.100000 0.633527 0.100000 0.635870 0.101562 0.638212 0.101562 0.640555 0.112500 0.656953 0.114063 0.656953 0.117188 0.661638 0.118750 0.661638 0.126563 0.673351 0.128125 0.673351 0.129688 0.675693 0.131250 0.675693 0.135937 0.682721 0.137500 0.682721 0.142188 0.689749 0.143750 0.689749 0.146875 0.694434 0.148438 0.694434 0.153125 0.701462 0.154687 0.701462 0.160938 0.710832 0.162500 0.710832 0.164062 0.713175 0.165625 0.713175 0.167187 0.715517 0.168750 0.715517 0.171875 0.720202 0.173438 0.720202 0.173438 0.717860 0.175000 0.715517 0.175000 0.708489 0.173438 0.706147 0.173438 0.696777 0.171875 0.694434 0.171875 0.675693 0.170312 0.673351 0.170312 0.663980 0.168750 0.661638 0.168750 0.640555 0.167187 0.638212 0.167187 0.605416 0.165625 0.603073 0.165625 0.567935 0.167187 0.565592 0.167187 0.553879 0.168750 0.551537 0.168750 0.530454 0.170312 0.528111 0.170312 0.525768 0.171875 0.523426 0.171875 0.518741 0.173438 0.516398 0.173438 0.509370 0.175000 0.507028 0.175000 0.500000 0.176563 0.497657 0.176563 0.492972 0.178125 0.490630 0.178125 0.485945 0.179688 0.483602 0.179688 0.478917 0.181250 0.476574 0.181250 0.474232 0.182812 0.471889 0.182812 0.469546 0.184375 0.467204 0.184375 0.457834 0.190625 0.448463 0.190625 0.441436 0.192188 0.439093 0.192188 0.436750 0.193750 0.434408 0.193750 0.432065 0.195312 0.429723 0.195312 0.418010 0.193750 0.418010 0.190625 0.413325 0.189063 0.413325 0.187500 0.410982 0.184375 0.410982 0.182812 0.408639 0.176563 0.408639 0.175000 0.406297 0.168750 0.406297 0.167187 0.403954 0.156250 0.403954 0.154687 0.401612 0.145313 0.401612 0.143750 0.399269 0.142188 0.399269 0.139062 0.394584 0.137500 0.394584 0.134375 0.389899 0.134375 0.382871 0.132812 0.380529 0.132812 0.368816 0.134375 0.366473 0.134375 0.361788 0.135937 0.359445 0.135937 0.357103 0.139062 0.352418 0.139062 0.350075 0.140625 0.347732 0.140625 0.345390 0.143750 0.340705 0.145313 0.340705 0.148438 0.336020 0.150000 0.336020 0.151562 0.333677 0.153125 0.333677 0.154687 0.331334 0.156250 0.331334 0.157813 0.328992 0.162500 0.328992 0.164062 0.326649 0.181250 0.326649 0.182812 0.328992 0.184375 0.328992 0.187500 0.333677 0.187500 0.336020 0.189063 0.338362 0.189063 0.343047 0.190625 0.345390 0.190625 0.347732 0.192188 0.350075 0.192188 0.357103 0.193750 0.359445 0.193750 0.368816 0.195312 0.371158 0.195312 0.373501 0.203125 0.385214 0.204688 0.385214 0.206250 0.382871 0.207813 0.382871 0.209375 0.380529 0.214062 0.380529 0.214062 0.174382 0.209375 0.174382 0.206250 0.169696 0.206250 0.165011 0.203125 0.160326 0.203125 0.157984 0.200000 0.153298 0.200000 0.150956 0.196875 0.146271 0.195312 0.146271 0.192188 0.141585 0.190625 0.141585 0.189063 0.139243 0.189063 0.129873
0 0.839063 0.645240 0.839063 0.652268 0.840625 0.654610 0.840625 0.645240 0.839063 0.645240 0.773438 0.607759 0.773438 0.605416 0.787500 0.598388 0.370313 0.619471 0.371875 0.621814 0.379687 0.621814 0.381250 0.624157 0.382812 0.624157 0.384375 0.626499 0.385938 0.626499 0.387500 0.628842 0.389062 0.628842 0.390625 0.626499 0.393750 0.626499 0.395312 0.624157 0.404687 0.624157 0.406250 0.621814 0.417188 0.621814 0.418750 0.624157 0.420312 0.624157 0.421875 0.626499 0.425000 0.626499 0.426562 0.624157 0.428125 0.624157 0.429688 0.621814 0.431250 0.621814 0.432813 0.619471 0.442187 0.619471 0.443750 0.621814 0.451562 0.621814 0.453125 0.624157 0.456250 0.624157 0.457812 0.626499 0.462500 0.626499 0.464063 0.624157 0.465625 0.624157 0.467187 0.626499 0.478125 0.626499 0.479688 0.628842 0.489062 0.628842 0.492188 0.633527 0.490625 0.633527 0.489062 0.635870 0.478125 0.635870 0.476562 0.638212 0.457812 0.638212 0.456250 0.640555 0.454688 0.640555 0.453125 0.642897 0.453125 0.645240 0.451562 0.647582 0.450000 0.647582 0.448438 0.649925 0.446875 0.649925 0.445312 0.652268 0.443750 0.652268 0.440625 0.656953 0.439063 0.656953 0.431250 0.668666 0.431250 0.675693 0.432813 0.678036 0.432813 0.680379 0.434375 0.682721 0.440625 0.682721 0.442187 0.685064 0.456250 0.685064 0.457812 0.687406 0.481250 0.687406 0.482812 0.689749 0.525000 0.689749 0.526563 0.692091 0.531250 0.692091 0.532812 0.689749 0.540625 0.689749 0.542188 0.692091 0.556250 0.692091 0.562500 0.682721 0.562500 0.666323 0.560938 0.663980 0.560938 0.661638 0.553125 0.649925 0.548437 0.649925 0.546875 0.647582 0.545313 0.647582 0.539062 0.638212 0.537500 0.638212 0.535937 0.635870 0.532812 0.635870 0.531250 0.633527 0.532812 0.631184 0.535937 0.631184 0.537500 0.628842 0.542188 0.628842 0.543750 0.626499 0.553125 0.626499 0.554688 0.624157 0.595312 0.624157 0.596875 0.621814 0.618750 0.621814 0.620313 0.624157 0.623438 0.624157 0.625000 0.621814 0.628125 0.621814 0.629687 0.624157 0.634375 0.624157 0.635938 0.621814 0.721875 0.621814 0.723437 0.619471 0.748438 0.619471 0.750000 0.621814 0.751562 0.621814 0.753125 0.624157 0.745313 0.635870 0.745313 0.640555 0.743750 0.642897 0.743750 0.649925 0.742188 0.652268 0.742188 0.659295 0.740625 0.661638 0.740625 0.668666 0.739062 0.671008 0.739062 0.680379 0.740625 0.682721 0.740625 0.685064 0.745313 0.692091 0.746875 0.692091 0.748438 0.694434 0.751562 0.694434 0.753125 0.696777 0.768750 0.696777 0.770312 0.694434 0.778125 0.694434 0.779688 0.692091 0.789062 0.692091 0.790625 0.689749 0.801562 0.689749 0.803125 0.692091 0.812500 0.692091 0.814062 0.694434 0.820312 0.694434 0.821875 0.692091 0.826563 0.692091 0.828125 0.689749 0.832812 0.689749 0.834375 0.687406 0.840625 0.687406 0.845312 0.680379 0.845312 0.675693 0.843750 0.673351 0.843750 0.671008 0.845312 0.668666 0.845312 0.661638 0.846875 0.661638 0.848437 0.663980 0.850000 0.663980 0.853125 0.668666 0.853125 0.671008 0.857813 0.678036 0.859375 0.678036 0.862500 0.682721 0.862500 0.687406 0.864062 0.689749 0.864062 0.692091 0.865625 0.694434 0.867188 0.694434 0.868750 0.696777 0.870313 0.696777 0.871875 0.699119 0.873438 0.699119 0.875000 0.701462 0.876562 0.701462 0.878125 0.703804 0.882812 0.703804 0.882812 0.802193 0.878125 0.802193 0.875000 0.806878 0.875000 0.809220 0.871875 0.813906 0.871875 0.816248 0.867188 0.823276 0.867188 0.825618 0.862500 0.832646 0.862500 0.834989 0.860937 0.837331 0.860937 0.839674 0.859375 0.842017 0.859375 0.844359 0.857813 0.846702 0.857813 0.849044 0.856250 0.851387 0.856250 0.858415 0.854688 0.860757 0.854688 0.870127 0.853125 0.872470 0.853125 0.877155 0.846875 0.886526 0.845312 0.886526 0.843750 0.888868 0.840625 0.888868 0.839063 0.891211 0.837500 0.891211 0.835938 0.893553 0.815625 0.893553 0.814062 0.891211 0.809375 0.891211 0.807813 0.893553 0.796875 0.893553 0.795313 0.895896 0.792188 0.895896 0.790625 0.898238 0.790625 0.905266 0.770312 0.905266 0.770312 0.898238 0.768750 0.895896 0.760938 0.895896 0.759375 0.893553 0.757812 0.893553 0.756250 0.895896 0.750000 0.895896 0.748438 0.893553 0.737500 0.893553 0.735937 0.895896 0.731250 0.895896 0.729688 0.898238 0.729688 0.905266 0.610937 0.905266 0.610937 0.898238 0.609375 0.895896 0.598437 0.895896 0.596875 0.893553 0.570312 0.893553 0.568750 0.891211 0.454688 0.891211 0.453125 0.888868 0.442187 0.888868 0.440625 0.886526 0.415625 0.886526 0.414062 0.884183 0.393750 0.884183 0.392188 0.881840 0.382812 0.881840 0.381250 0.884183 0.371875 0.884183 0.290625 0.579648 0.290625 0.589018 0.287500 0.593703 0.279687 0.593703 0.278125 0.591361 0.275000 0.591361 0.273438 0.593703 0.271875 0.593703 0.270312 0.596046 0.260938 0.579648 0.254687 0.579648 0.254687 0.586675 0.257812 0.591361 0.260938 0.591361 0.260938 0.579648 0.270312 0.596046 0.268750 0.593703 0.268750 0.579648 0.290625 0.579648 0.371875 0.884183 0.370313 0.886526 0.367188 0.886526 0.365625 0.888868 0.362500 0.888868 0.360938 0.886526 0.357812 0.886526 0.354688 0.881840 0.353125 0.881840 0.351562 0.879498 0.339063 0.879498 0.337500 0.877155 0.334375 0.877155 0.332812 0.874813 0.331250 0.874813 0.326562 0.867785 0.325000 0.867785 0.323438 0.865442 0.321875 0.865442 0.320312 0.863100 0.318750 0.863100 0.315625 0.858415 0.314063 0.858415 0.312500 0.856072 0.310937 0.856072 0.309375 0.853729 0.306250 0.853729 0.304688 0.851387 0.301562 0.851387 0.300000 0.849044 0.298438 0.849044 0.296875 0.846702 0.293750 0.846702 0.292188 0.844359 0.289062 0.844359 0.285937 0.839674 0.284375 0.839674 0.279687 0.832646 0.278125 0.832646 0.276563 0.830304 0.276563 0.827961 0.268750 0.816248 0.268750 0.813906 0.264062 0.806878 0.264062 0.804535 0.257812 0.795165 0.257812 0.792822 0.251563 0.783452 0.251563 0.781109 0.246875 0.774082 0.246875 0.771739 0.242188 0.764711 0.242188 0.762369 0.239063 0.757684 0.239063 0.755341 0.237500 0.752998 0.237500 0.750656 0.234375 0.745971 0.234375 0.743628 0.231250 0.738943 0.231250 0.736600 0.228125 0.731915 0.228125 0.729573 0.226562 0.727230 0.226562 0.724888 0.225000 0.722545 0.225000 0.720202 0.223438 0.717860 0.223438 0.715517 0.220313 0.710832 0.220313 0.708489 0.218750 0.706147 0.218750 0.703804 0.217187 0.701462 0.217187 0.699119 0.220313 0.694434 0.229687 0.694434 0.231250 0.692091 0.232812 0.692091 0.234375 0.689749 0.235938 0.689749 0.237500 0.687406 0.245312 0.687406 0.246875 0.685064 0.254687 0.685064 0.256250 0.682721 0.260938 0.682721 0.262500 0.680379 0.270312 0.680379 0.271875 0.678036 0.273438 0.678036 0.275000 0.675693 0.282813 0.675693 0.284375 0.673351 0.285937 0.673351 0.287500 0.671008 0.290625 0.671008 0.292188 0.668666 0.293750 0.668666 0.295312 0.666323 0.300000 0.666323 0.301562 0.663980 0.303125 0.663980 0.307813 0.656953 0.307813 0.654610 0.309375 0.652268 0.309375 0.633527 0.310937 0.631184 0.310937 0.628842 0.315625 0.628842 0.317187 0.631184 0.318750 0.631184 0.325000 0.640555 0.331250 0.640555 0.332812 0.638212 0.332812 0.635870 0.334375 0.633527 0.334375 0.621814 0.335938 0.619471 0.335938 0.612444 0.332812 0.607759 0.332812 0.579648 0.334375 0.579648 0.334375 0.600731 0.335938 0.603073 0.337500 0.603073 0.339063 0.605416 0.345313 0.605416 0.350000 0.612444 0.351562 0.612444 0.353125 0.614786 0.354688 0.614786 0.356250 0.617129 0.362500 0.617129 0.364062 0.619471 0.370313 0.619471 0.787500 0.598388 0.809375 0.598388 0.810938 0.600731 0.826563 0.600731 0.828125 0.598388 0.834375 0.598388 0.835938 0.600731 0.837500 0.600731 0.839063 0.603073 0.840625 0.603073 0.840625 0.600731 0.842188 0.598388 0.840625 0.596046 0.840625 0.593703 0.835938 0.586675 0.835938 0.579648 0.829687 0.579648 0.829687 0.589018 0.828125 0.591361 0.817187 0.591361 0.815625 0.589018 0.814062 0.591361 0.810938 0.591361 0.809375 0.593703 0.803125 0.593703 0.801562 0.596046 0.790625 0.596046 0.789062 0.598388 0.787500 0.598388 0.773438 0.605416 0.770312 0.605416 0.768750 0.607759 0.773438 0.607759
9 0.153125 0.326649 0.153125 0.333677 0.145313 0.345390 0.143750 0.345390 0.142188 0.347732 0.142188 0.350075 0.139062 0.354760 0.134375 0.354760 0.134375 0.394584 0.140625 0.394584 0.142188 0.396927 0.145313 0.396927 0.146875 0.399269 0.153125 0.399269 0.154687 0.401612 0.154687 0.408639 0.201562 0.408639 0.201562 0.378186 0.196875 0.378186 0.193750 0.373501 0.193750 0.371158 0.192188 0.368816 0.192188 0.364130 0.190625 0.361788 0.190625 0.352418 0.189063 0.350075 0.189063 0.345390 0.187500 0.343047 0.187500 0.340705 0.185937 0.338362 0.185937 0.336020 0.184375 0.333677 0.184375 0.326649
