13 0.319650 0.458831 0.314610 0.473958 0.311590 0.485292 0.310580 0.498891 0.310580 0.512489 0.310580 0.524588 0.310580 0.537421 0.311090 0.548756 0.314610 0.560855 0.319650 0.574453 0.323690 0.585037 0.329730 0.595607 0.334770 0.606192 0.341830 0.615262 0.348890 0.621304 0.360980 0.622819 0.369050 0.622819 0.377620 0.621304 0.383670 0.612999 0.389210 0.601664 0.393750 0.591829 0.396270 0.576717 0.397270 0.564633 0.397270 0.547256 0.395260 0.533643 0.391730 0.519295 0.389210 0.507196 0.385180 0.495112 0.380140 0.482264 0.376110 0.470930 0.371060 0.461859 0.365520 0.452789 0.356950 0.449010 0.348890 0.446747 0.340820 0.446747 0.331750 0.446747
13 0.412630 0.747031 0.405590 0.750750 0.399390 0.751994 0.391110 0.753853 0.382840 0.755712 0.376630 0.757571 0.369190 0.759430 0.361740 0.762534 0.355120 0.765007 0.348500 0.768111 0.340640 0.770600 0.334440 0.773073 0.329890 0.779895 0.326580 0.787961 0.325750 0.797886 0.325750 0.808426 0.329060 0.820225 0.333190 0.830135 0.338570 0.841304 0.343950 0.849985 0.349740 0.862399 0.355950 0.871079 0.362150 0.879145 0.368360 0.884108 0.373740 0.889070 0.380360 0.891544 0.387810 0.894033 0.393600 0.889685 0.397730 0.879760 0.399800 0.870465 0.404350 0.855577 0.408900 0.844408 0.413870 0.832624 0.417180 0.822699 0.422560 0.807811 0.425450 0.798516 0.428350 0.789205 0.430830 0.777421 0.433730 0.766882 0.437450 0.756957 0.437040 0.738966
13 0.553710 0.144003 0.521430 0.123538 0.482550 0.144003 0.440760 0.153928 0.419660 0.166957 0.392970 0.199070 0.408800 0.202039 0.426610 0.202039 0.448370 0.197586 0.466180 0.191649 0.483000 0.185712 0.498830 0.179790 0.513670 0.176822 0.529500 0.166432 0.543350 0.156057
13 0.569570 0.159970 0.575450 0.164378 0.582170 0.170675 0.588050 0.177601 0.591830 0.185787 0.594770 0.195232 0.598130 0.204678 0.600650 0.216012 0.603590 0.227976 0.606530 0.238681 0.609890 0.247496 0.613670 0.260090 0.617030 0.268921 0.620390 0.281514 0.622070 0.291589 0.624170 0.301664 0.627110 0.313628 0.630050 0.323703 0.633410 0.335667 0.636770 0.344483 0.640970 0.356447 0.643910 0.365892 0.647270 0.376597 0.649370 0.387301 0.651050 0.397376 0.653990 0.406822 0.654410 0.416267 0.653990 0.426342 0.490600 0.311739 0.508240 0.280885 0.514970 0.273328 0.520010 0.266402 0.524210 0.258201 0.527570 0.250015 0.531350 0.240570 0.535130 0.232384 0.539750 0.223568 0.544370 0.215382 0.549830 0.208456 0.553610 0.200270 0.556550 0.190825
14 0.115220 0.656417 0.110640 0.683853 0.107210 0.709580 0.106070 0.737016 0.117510 0.761034 0.133520 0.774753 0.151830 0.757601 0.179280 0.719865 0.197590 0.707871 0.211310 0.690720 0.202160 0.666702 0.185000 0.658126 0.166700 0.658126 0.148390 0.658126
14 0.155710 0.570135 0.157780 0.602384 0.166010 0.607046 0.169460 0.602729 0.174060 0.602729 0.179810 0.604033 0.184700 0.606612 0.185910 0.596807 0.224390 0.582534 0.236390 0.562684 0.222320 0.557106 0.188390 0.571364
14 0.370020 0.751859 0.370840 0.722099 0.372910 0.703478 0.430420 0.674948 0.452340 0.692939 0.449450 0.728291 0.425450 0.870330 0.403530 0.885847 0.397730 0.879760 0.399800 0.870465 0.404350 0.855577 0.408900 0.844408 0.413870 0.832624 0.417180 0.822699 0.422560 0.807811 0.425450 0.798516 0.428350 0.789205 0.430830 0.777421 0.433730 0.766882 0.437450 0.756957 0.437040 0.738966 0.412630 0.747031 0.405590 0.750750 0.399390 0.751994 0.391110 0.753853 0.382840 0.755712 0.376630 0.757571 0.369190 0.759430
14 0.552220 0.462594 0.547650 0.495187 0.544220 0.534633 0.541930 0.563793 0.538500 0.592954 0.537350 0.622114 0.536210 0.647841 0.535070 0.675277 0.533920 0.704438 0.532780 0.731874 0.532780 0.762744 0.544220 0.740450 0.554510 0.713013 0.561380 0.687286 0.567100 0.659835 0.570530 0.634108 0.572820 0.599805 0.578540 0.570660 0.579680 0.541499 0.581970 0.515772 0.580830 0.486612 0.567100 0.467751
15 0.112000 0.638141 0.124340 0.641049 0.140420 0.643328 0.157610 0.645202 0.166620 0.646657 0.180620 0.650405 0.179370 0.653733 0.166070 0.653523 0.154700 0.653313 0.139730 0.653943 0.110610 0.652894
15 0.169460 0.602729 0.174060 0.602729 0.179810 0.604033 0.184700 0.606612 0.188720 0.609625 0.193610 0.611784 0.197640 0.614378 0.201370 0.618246 0.205970 0.621274 0.208270 0.627736 0.210570 0.633328 0.212580 0.639805 0.208270 0.636357 0.204530 0.632474 0.201660 0.627301 0.196490 0.626432 0.191600 0.626432 0.185560 0.622999 0.179530 0.619970 0.175210 0.618246 0.169460 0.616102 0.165440 0.613508 0.166010 0.607046
15 0.256950 0.753958 0.254750 0.757256 0.252160 0.762339 0.250360 0.766837 0.247970 0.770420 0.245570 0.773718 0.243570 0.777301 0.241780 0.781199 0.238980 0.782999 0.235990 0.783298 0.232590 0.784198 0.229200 0.785382 0.226810 0.788381 0.224010 0.790480 0.220820 0.791379 0.218020 0.793463 0.215030 0.795562 0.212230 0.797361 0.208840 0.798261 0.205840 0.798861 0.202850 0.799460 0.199460 0.799460 0.195060 0.800360 0.192070 0.800645 0.188080 0.801244 0.185080 0.802744 0.181890 0.803043 0.175300 0.806642 0.172510 0.810825 0.176100 0.810525 0.179690 0.810525 0.183690 0.814423 0.187280 0.816222 0.190470 0.817406 0.193470 0.818006 0.197460 0.818006 0.199660 0.810825 0.201250 0.806642 0.204650 0.805742 0.208040 0.805742 0.211630 0.805442 0.215830 0.805442 0.219220 0.805442 0.224010 0.804543 0.228400 0.803343 0.232790 0.801844 0.235990 0.801244 0.238980 0.799760 0.242780 0.797661 0.245770 0.795862 0.248760 0.793163 0.251960 0.790780 0.254750 0.787481 0.255950 0.783298 0.256350 0.778501 0.256950 0.772819 0.257550 0.767736 0.258350 0.762339 0.258750 0.756957 0.258750 0.752159
17 0.215880 0.187196 0.197080 0.206477 0.182240 0.224288 0.174330 0.245052 0.169380 0.276192 0.165420 0.299925 0.162460 0.322174 0.158500 0.356297 0.159490 0.378546 0.170370 0.394858 0.187190 0.400795 0.202030 0.403748 0.219840 0.408201 0.234680 0.411169 0.252490 0.411169 0.269300 0.414138 0.289090 0.415622 0.303930 0.417106 0.323720 0.417106 0.342520 0.417106 0.358350 0.417106 0.376150 0.417106 0.393960 0.417106 0.410780 0.417106 0.426610 0.411169 0.445410 0.402279 0.462230 0.394858 0.477070 0.385952 0.490920 0.375577 0.502790 0.360735 0.511690 0.337001 0.490600 0.311739 0.508240 0.280885 0.514970 0.273328 0.520010 0.266402 0.524210 0.258201 0.527570 0.250015 0.531350 0.240570 0.535130 0.232384 0.539750 0.223568 0.544370 0.215382 0.549830 0.208456 0.553610 0.200270 0.556550 0.190825 0.558190 0.164948 0.543350 0.156057 0.529500 0.166432 0.513670 0.176822 0.498830 0.179790 0.483000 0.185712 0.466180 0.191649 0.448370 0.197586 0.426610 0.202039 0.408800 0.202039 0.392970 0.199070 0.377140 0.194618 0.359330 0.190165 0.340540 0.188681 0.320750 0.187196 0.304920 0.185712 0.284150 0.182744 0.267330 0.179790 0.249520 0.178306
12 0.700000 0.326649 0.700000 0.333677 0.690625 0.347732 0.690625 0.350075 0.681250 0.364130 0.681250 0.366473 0.676562 0.373501 0.676562 0.375843 0.671875 0.382871 0.671875 0.385214 0.670313 0.387556 0.670313 0.389899 0.668750 0.392241 0.668750 0.394584 0.667188 0.396927 0.667188 0.399269 0.664062 0.403954 0.664062 0.406297 0.662500 0.408639 0.662500 0.410982 0.660937 0.413325 0.660937 0.415667 0.659375 0.418010 0.659375 0.432065 0.660937 0.434408 0.660937 0.436750 0.662500 0.439093 0.662500 0.446121 0.660937 0.448463 0.660937 0.450806 0.659375 0.453148 0.659375 0.455491 0.657812 0.457834 0.657812 0.460176 0.654688 0.464861 0.654688 0.467204 0.651563 0.471889 0.651563 0.474232 0.646875 0.481259 0.646875 0.483602 0.640625 0.492972 0.640625 0.495315 0.637500 0.500000 0.637500 0.502343 0.634375 0.507028 0.634375 0.509370 0.629687 0.516398 0.629687 0.518741 0.626562 0.523426 0.626562 0.525768 0.625000 0.528111 0.625000 0.530454 0.621875 0.535139 0.621875 0.537481 0.618750 0.542166 0.618750 0.544509 0.615625 0.549194 0.615625 0.553879 0.614062 0.556222 0.614062 0.558564 0.610937 0.563250 0.610937 0.565592 0.609375 0.567935 0.609375 0.570277 0.607813 0.572620 0.607813 0.574962 0.606250 0.577305 0.606250 0.579648 0.604688 0.581990 0.604688 0.586675 0.603125 0.589018 0.603125 0.593703 0.601562 0.596046 0.601562 0.598388 0.598437 0.603073 0.598437 0.605416 0.596875 0.607759 0.596875 0.610101 0.595312 0.612444 0.595312 0.614786 0.593750 0.617129 0.593750 0.619471 0.592188 0.621814 0.592188 0.626499 0.590625 0.628842 0.590625 0.631184 0.589063 0.633527 0.589063 0.638212 0.587500 0.640555 0.587500 0.642897 0.585938 0.645240 0.585938 0.647582 0.584375 0.649925 0.584375 0.652268 0.582812 0.654610 0.582812 0.656953 0.581250 0.659295 0.581250 0.663980 0.579687 0.666323 0.579687 0.668666 0.578125 0.671008 0.578125 0.673351 0.576563 0.675693 0.576563 0.682721 0.575000 0.685064 0.575000 0.689749 0.573438 0.692091 0.573438 0.694434 0.571875 0.696777 0.571875 0.699119 0.570312 0.701462 0.570312 0.706147 0.568750 0.708489 0.568750 0.710832 0.567187 0.713175 0.567187 0.715517 0.565625 0.717860 0.565625 0.720202 0.564062 0.722545 0.564062 0.724888 0.562500 0.727230 0.562500 0.731915 0.560938 0.734258 0.560938 0.741286 0.559375 0.743628 0.559375 0.745971 0.557813 0.748313 0.557813 0.752998 0.556250 0.755341 0.556250 0.760026 0.554688 0.762369 0.554688 0.764711 0.553125 0.767054 0.553125 0.771739 0.551562 0.774082 0.551562 0.776424 0.550000 0.778767 0.550000 0.783452 0.548437 0.785795 0.548437 0.790480 0.546875 0.792822 0.546875 0.795165 0.543750 0.799850 0.543750 0.802193 0.534375 0.816248 0.528125 0.816248 0.528125 0.832646 0.535937 0.832646 0.537500 0.834989 0.540625 0.834989 0.542188 0.837331 0.545313 0.837331 0.546875 0.839674 0.548437 0.839674 0.550000 0.842017 0.550000 0.849044 0.596875 0.849044 0.596875 0.842017 0.600000 0.837331 0.603125 0.837331 0.604688 0.834989 0.606250 0.834989 0.607813 0.832646 0.610937 0.832646 0.614062 0.827961 0.615625 0.827961 0.617188 0.825618 0.618750 0.825618 0.621875 0.820933 0.623438 0.820933 0.625000 0.818591 0.626562 0.818591 0.631250 0.811563 0.632812 0.811563 0.640625 0.799850 0.642187 0.799850 0.660937 0.771739 0.660937 0.769397 0.665625 0.762369 0.665625 0.760026 0.668750 0.755341 0.668750 0.752998 0.671875 0.748313 0.671875 0.745971 0.675000 0.741286 0.675000 0.738943 0.676562 0.736600 0.676562 0.734258 0.678125 0.731915 0.678125 0.729573 0.681250 0.724888 0.681250 0.722545 0.682813 0.720202 0.682813 0.717860 0.684375 0.715517 0.684375 0.713175 0.687500 0.708489 0.687500 0.706147 0.689062 0.703804 0.689062 0.701462 0.690625 0.699119 0.690625 0.696777 0.692187 0.694434 0.692187 0.692091 0.693750 0.689749 0.693750 0.687406 0.695312 0.685064 0.695312 0.682721 0.696875 0.680379 0.696875 0.678036 0.698438 0.675693 0.698438 0.673351 0.700000 0.671008 0.700000 0.668666 0.701563 0.666323 0.701563 0.661638 0.703125 0.659295 0.703125 0.654610 0.704687 0.652268 0.704687 0.649925 0.706250 0.647582 0.706250 0.642897 0.707812 0.640555 0.707812 0.638212 0.709375 0.635870 0.709375 0.633527 0.710938 0.631184 0.710938 0.628842 0.712500 0.626499 0.712500 0.621814 0.714063 0.619471 0.714063 0.617129 0.715625 0.614786 0.715625 0.607759 0.717188 0.605416 0.717188 0.603073 0.718750 0.600731 0.718750 0.596046 0.720312 0.593703 0.720312 0.589018 0.721875 0.586675 0.721875 0.584333 0.723437 0.581990 0.723437 0.577305 0.725000 0.574962 0.725000 0.570277 0.726562 0.567935 0.726562 0.565592 0.728125 0.563250 0.728125 0.560907 0.729688 0.558564 0.729688 0.553879 0.731250 0.551537 0.731250 0.542166 0.732813 0.539824 0.732813 0.535139 0.734375 0.532796 0.739062 0.532796 0.739062 0.382871 0.734375 0.382871 0.731250 0.378186 0.731250 0.375843 0.728125 0.371158 0.728125 0.368816 0.710938 0.343047 0.710938 0.340705 0.709375 0.338362 0.709375 0.336020 0.707812 0.333677 0.707812 0.326649
8 0.000000 0.000000 0.000000 0.097076 0.004688 0.097076 0.006250 0.099419 0.009375 0.099419 0.010937 0.101762 0.014062 0.101762 0.015625 0.104104 0.017188 0.104104 0.020312 0.108789 0.021875 0.108789 0.023438 0.111132 0.025000 0.111132 0.026563 0.113475 0.028125 0.113475 0.031250 0.118160 0.032812 0.118160 0.034375 0.120502 0.035937 0.120502 0.037500 0.122845 0.039062 0.122845 0.040625 0.125187 0.042188 0.125187 0.043750 0.127530 0.045313 0.127530 0.046875 0.129873 0.048437 0.129873 0.050000 0.132215 0.053125 0.132215 0.054688 0.134558 0.056250 0.134558 0.057813 0.136900 0.062500 0.136900 0.064062 0.139243 0.067188 0.139243 0.068750 0.141585 0.073437 0.141585 0.075000 0.143928 0.081250 0.143928 0.082813 0.146271 0.093750 0.146271 0.095312 0.148613 0.104687 0.148613 0.106250 0.150956 0.114063 0.150956 0.115625 0.153298 0.125000 0.153298 0.126563 0.155641 0.150000 0.155641 0.151562 0.157984 0.167187 0.157984 0.168750 0.160326 0.184375 0.160326 0.185937 0.162669 0.201562 0.162669 0.203125 0.165011 0.235938 0.165011 0.237500 0.167354 0.259375 0.167354 0.260938 0.169696 0.287500 0.169696 0.289062 0.172039 0.332812 0.172039 0.334375 0.174382 0.343750 0.174382 0.345313 0.176724 0.345313 0.183752 0.364062 0.183752 0.364062 0.176724 0.370313 0.167354 0.371875 0.167354 0.376563 0.160326 0.378125 0.160326 0.378125 0.157984 0.381250 0.153298 0.382812 0.153298 0.389062 0.143928 0.390625 0.143928 0.396875 0.134558 0.400000 0.134558 0.401563 0.132215 0.404687 0.132215 0.406250 0.134558 0.423438 0.134558 0.425000 0.132215 0.429688 0.132215 0.431250 0.129873 0.434375 0.129873 0.442187 0.118160 0.443750 0.118160 0.445312 0.115817 0.448438 0.115817 0.450000 0.113475 0.451562 0.113475 0.453125 0.111132 0.456250 0.111132 0.457812 0.108789 0.459375 0.108789 0.459375 0.106447 0.471875 0.087706 0.471875 0.085364 0.475000 0.080678 0.476562 0.080678 0.478125 0.078336 0.481250 0.078336 0.482812 0.075993 0.485938 0.075993 0.487500 0.073651 0.490625 0.073651 0.492188 0.071308 0.492188 0.064280 0.495313 0.059595 0.496875 0.059595 0.498437 0.057253 0.501562 0.057253 0.503125 0.054910 0.510938 0.054910 0.512500 0.052567 0.514063 0.052567 0.517187 0.047882 0.517187 0.045540 0.518750 0.043197 0.520312 0.043197 0.521875 0.040855 0.534375 0.040855 0.535937 0.038512 0.539062 0.038512 0.540625 0.036169 0.542188 0.036169 0.545313 0.031484 0.546875 0.031484 0.548437 0.029142 0.550000 0.029142 0.551562 0.026799 0.553125 0.026799 0.554688 0.024457 0.556250 0.024457 0.557813 0.022114 0.559375 0.022114 0.560938 0.019771 0.562500 0.019771 0.565625 0.015086 0.567187 0.015086 0.568750 0.012744 0.570312 0.012744 0.571875 0.010401 0.573438 0.010401 0.575000 0.008058 0.576563 0.008058 0.582812 0.000000 0.589063 0.000000 0.589063 0.000000 0.579687 0.000000 0.578125 0.000000 0.565625 0.000000 0.564062 0.000000 0.556250 0.000000 0.553125 0.000000 0.553125 0.000000
12 0.993750 0.148613 0.993750 0.157984 0.992188 0.160326 0.992188 0.162669 0.987500 0.169696 0.985937 0.169696 0.982813 0.174382 0.981250 0.174382 0.979688 0.176724 0.978125 0.176724 0.976562 0.179067 0.975000 0.179067 0.973437 0.181409 0.971875 0.181409 0.970312 0.183752 0.968750 0.183752 0.951563 0.209520 0.950000 0.209520 0.940625 0.223576 0.934375 0.223576 0.934375 0.251687 0.939062 0.251687 0.940625 0.254029 0.942187 0.254029 0.945312 0.258714 0.948438 0.258714 0.950000 0.261057 0.954687 0.261057 0.956250 0.263400 0.959375 0.263400 0.960938 0.265742 0.964063 0.265742 0.965625 0.268085 0.967188 0.268085 0.968750 0.270427 0.968750 0.277455 0.998438 0.277455 0.998438 0.148613
4 0.018750 0.682721 0.015625 0.678036 0.007812 0.678036 0.006250 0.680379 0.006250 0.682721 0.007812 0.685064 0.007812 0.689749 0.009375 0.692091 0.010937 0.692091 0.012500 0.694434 0.014062 0.694434 0.015625 0.696777 0.018750 0.692091 0.018750 0.682721 0.340625 0.317279 0.339063 0.317279 0.339063 0.314936 0.510938 0.291511 0.510938 0.293853 0.351562 0.296196 0.350000 0.296196 0.350000 0.286825 0.351562 0.284483 0.351562 0.282140 0.403125 0.204835 0.406250 0.204835 0.407813 0.207178 0.409375 0.204835 0.415625 0.204835 0.417188 0.202493 0.418750 0.202493 0.426562 0.195465 0.428125 0.195465 0.529688 0.244659 0.529688 0.261057 0.534375 0.268085 0.539062 0.268085 0.542188 0.272770 0.542188 0.289168 0.545313 0.293853 0.534375 0.324307 0.532812 0.326649 0.531250 0.326649 0.529688 0.328992 0.517187 0.328992 0.515625 0.331334 0.514063 0.328992 0.512500 0.328992 0.509375 0.324307 0.507812 0.324307 0.506250 0.321964 0.504687 0.321964 0.503125 0.319621 0.501562 0.319621 0.498437 0.314936 0.498437 0.312594 0.495313 0.307909 0.493750 0.307909 0.492188 0.305566 0.490625 0.305566 0.484375 0.314936 0.484375 0.321964 0.482812 0.324307 0.482812 0.328992 0.478125 0.336020 0.478125 0.338362 0.475000 0.343047 0.475000 0.347732 0.473437 0.350075 0.473437 0.354760 0.471875 0.357103 0.471875 0.359445 0.470313 0.361788 0.470313 0.364130 0.468750 0.366473 0.468750 0.368816 0.467187 0.371158 0.467187 0.378186 0.465625 0.380529 0.465625 0.385214 0.457812 0.396927 0.456250 0.396927 0.454688 0.399269 0.451562 0.399269 0.450000 0.401612 0.446875 0.401612 0.445312 0.403954 0.443750 0.403954 0.442187 0.406297 0.439063 0.406297 0.437500 0.408639 0.432813 0.408639 0.431250 0.410982 0.428125 0.410982 0.426562 0.413325 0.421875 0.413325 0.420312 0.415667 0.417188 0.415667 0.415625 0.418010 0.410937 0.418010 0.409375 0.420352 0.407813 0.420352 0.406250 0.422695 0.404687 0.422695 0.403125 0.425037 0.393750 0.425037 0.392188 0.427380 0.389062 0.427380 0.387500 0.425037 0.353125 0.425037 0.351562 0.422695 0.337500 0.422695 0.335938 0.420352 0.312500 0.420352 0.310937 0.418010 0.306250 0.418010 0.304688 0.420352 0.300000 0.420352 0.298438 0.418010 0.292188 0.418010 0.290625 0.415667 0.287500 0.415667 0.285937 0.413325 0.284375 0.413325 0.282813 0.410982 0.279687 0.410982 0.276563 0.406297 0.267188 0.406297 0.265625 0.408639 0.260938 0.408639 0.259375 0.410982 0.257812 0.410982 0.256250 0.408639 0.254687 0.408639 0.251563 0.403954 0.250000 0.403954 0.246875 0.399269 0.250000 0.394584 0.253125 0.394584 0.254687 0.392241 0.256250 0.392241 0.257812 0.389899 0.260938 0.389899 0.262500 0.387556 0.264062 0.387556 0.265625 0.385214 0.265625 0.382871 0.270312 0.375843 0.270312 0.373501 0.271875 0.371158 0.273438 0.371158 0.273438 0.364130 0.275000 0.361788 0.275000 0.345390 0.276563 0.343047 0.276563 0.336020 0.271875 0.328992 0.270312 0.328992 0.268750 0.326649 0.271875 0.321964 0.273438 0.321964 0.278125 0.314936 0.278125 0.303223 0.279687 0.300881 0.279687 0.286825 0.282813 0.282140 0.298438 0.282140 0.300000 0.279798 0.303125 0.279798 0.306250 0.275112 0.306250 0.268085 0.303125 0.263400 0.303125 0.251687 0.301562 0.249344 0.301562 0.244659 0.300000 0.242316 0.303125 0.237631 0.309375 0.237631 0.310937 0.235289 0.312500 0.235289 0.314063 0.232946 0.315625 0.232946 0.317187 0.230603 0.328125 0.230603 0.331250 0.235289 0.331250 0.237631 0.332812 0.239974 0.340625 0.239974 0.342187 0.242316 0.343750 0.242316 0.345313 0.244659 0.357812 0.244659 0.359375 0.242316 0.360938 0.242316 0.362500 0.239974 0.364062 0.239974 0.365625 0.237631 0.368750 0.237631 0.370313 0.235289 0.376563 0.235289 0.378125 0.232946 0.378125 0.228261 0.379687 0.225918 0.379687 0.223576 0.381250 0.221233 0.381250 0.216548 0.382812 0.214205 0.382812 0.211863 0.387500 0.204835 0.387500 0.200150 0.389062 0.197807 0.389062 0.186094 0.387500 0.186094 0.385938 0.183752 0.370313 0.183752 0.368750 0.181409 0.365625 0.181409 0.364062 0.179067 0.360938 0.179067 0.359375 0.176724 0.343750 0.176724 0.342187 0.174382 0.310937 0.174382 0.309375 0.172039 0.225000 0.172039 0.223438 0.169696 0.220313 0.169696 0.218750 0.172039 0.214062 0.172039 0.212500 0.174382 0.207813 0.174382 0.204688 0.169696 0.204688 0.167354 0.203125 0.167354 0.201562 0.165011 0.178125 0.165011 0.176563 0.162669 0.159375 0.162669 0.157813 0.160326 0.140625 0.160326 0.139062 0.157984 0.128125 0.157984 0.126563 0.155641 0.112500 0.155641 0.110937 0.153298 0.101562 0.153298 0.100000 0.150956 0.092188 0.150956 0.090625 0.148613 0.081250 0.148613 0.079687 0.146271 0.070312 0.146271 0.068750 0.143928 0.065625 0.143928 0.064062 0.141585 0.062500 0.141585 0.060938 0.139243 0.057813 0.139243 0.056250 0.136900 0.054688 0.136900 0.053125 0.134558 0.050000 0.134558 0.048437 0.132215 0.046875 0.132215 0.043750 0.127530 0.042188 0.127530 0.040625 0.125187 0.039062 0.125187 0.037500 0.122845 0.035937 0.122845 0.034375 0.120502 0.032812 0.120502 0.028125 0.113475 0.023438 0.113475 0.021875 0.111132 0.015625 0.111132 0.014062 0.108789 0.014062 0.101762 0.000000 0.101762 0.000000 0.619471 0.003125 0.619471 0.006250 0.624157 0.006250 0.628842 0.007812 0.631184 0.007812 0.640555 0.009375 0.642897 0.009375 0.645240 0.010937 0.647582 0.010937 0.652268 0.012500 0.654610 0.012500 0.656953 0.014062 0.659295 0.014062 0.661638 0.015625 0.663980 0.018750 0.659295 0.018750 0.656953 0.020312 0.654610 0.032812 0.654610 0.035937 0.659295 0.035937 0.668666 0.037500 0.671008 0.037500 0.673351 0.035937 0.675693 0.035937 0.678036 0.031250 0.685064 0.031250 0.687406 0.029687 0.689749 0.029687 0.717860 0.031250 0.720202 0.032812 0.720202 0.034375 0.722545 0.035937 0.722545 0.039062 0.727230 0.050000 0.727230 0.053125 0.731915 0.053125 0.734258 0.056250 0.738943 0.059375 0.738943 0.060938 0.741286 0.062500 0.741286 0.065625 0.745971 0.067188 0.745971 0.068750 0.748313 0.073437 0.748313 0.075000 0.750656 0.081250 0.750656 0.082813 0.752998 0.084375 0.752998 0.085938 0.755341 0.087500 0.755341 0.089062 0.757684 0.090625 0.757684 0.092188 0.755341 0.093750 0.755341 0.095312 0.752998 0.096875 0.752998 0.100000 0.757684 0.100000 0.762369 0.101562 0.764711 0.101562 0.776424 0.104687 0.781109 0.104687 0.783452 0.106250 0.785795 0.106250 0.788137 0.107813 0.790480 0.107813 0.792822 0.114063 0.802193 0.115625 0.802193 0.117188 0.804535 0.121875 0.804535 0.123438 0.806878 0.126563 0.806878 0.128125 0.809220 0.132812 0.809220 0.134375 0.811563 0.145313 0.811563 0.151562 0.820933 0.154687 0.820933 0.156250 0.818591 0.159375 0.818591 0.162500 0.813906 0.164062 0.813906 0.165625 0.811563 0.167187 0.811563 0.168750 0.809220 0.170312 0.809220 0.171875 0.806878 0.176563 0.806878 0.178125 0.804535 0.181250 0.804535 0.182812 0.802193 0.185937 0.802193 0.187500 0.799850 0.200000 0.799850 0.201562 0.802193 0.203125 0.802193 0.204688 0.804535 0.203125 0.806878 0.203125 0.809220 0.201562 0.811563 0.206250 0.818591 0.206250 0.820933 0.207813 0.820933 0.209375 0.823276 0.212500 0.823276 0.214062 0.825618 0.215625 0.825618 0.217187 0.827961 0.218750 0.827961 0.220313 0.830304 0.221875 0.830304 0.223438 0.832646 0.225000 0.832646 0.231250 0.842017 0.234375 0.842017 0.235938 0.844359 0.237500 0.844359 0.239063 0.846702 0.240625 0.846702 0.242188 0.849044 0.243750 0.849044 0.246875 0.853729 0.250000 0.853729 0.251563 0.856072 0.253125 0.856072 0.254687 0.858415 0.259375 0.858415 0.260938 0.860757 0.264062 0.860757 0.265625 0.863100 0.268750 0.863100 0.270312 0.865442 0.273438 0.865442 0.275000 0.867785 0.278125 0.867785 0.279687 0.870127 0.284375 0.870127 0.285937 0.872470 0.290625 0.872470 0.292188 0.874813 0.298438 0.874813 0.300000 0.877155 0.309375 0.877155 0.310937 0.879498 0.318750 0.879498 0.320312 0.881840 0.328125 0.881840 0.329688 0.884183 0.334375 0.884183 0.335938 0.886526 0.337500 0.886526 0.339063 0.888868 0.339063 0.895896 0.403125 0.895896 0.403125 0.886526 0.404687 0.884183 0.407813 0.884183 0.409375 0.881840 0.412500 0.881840 0.414062 0.879498 0.418750 0.879498 0.420312 0.877155 0.423438 0.877155 0.425000 0.874813 0.426562 0.874813 0.428125 0.872470 0.431250 0.872470 0.432813 0.870127 0.435937 0.870127 0.437500 0.867785 0.439063 0.867785 0.440625 0.865442 0.443750 0.865442 0.445312 0.863100 0.448438 0.863100 0.450000 0.860757 0.453125 0.860757 0.454688 0.858415 0.457812 0.858415 0.459375 0.856072 0.462500 0.856072 0.464063 0.853729 0.467187 0.853729 0.468750 0.851387 0.473437 0.851387 0.475000 0.849044 0.478125 0.849044 0.479688 0.846702 0.482812 0.846702 0.484375 0.844359 0.485938 0.844359 0.487500 0.842017 0.490625 0.842017 0.492188 0.839674 0.495313 0.839674 0.496875 0.837331 0.498437 0.837331 0.500000 0.834989 0.501562 0.834989 0.503125 0.832646 0.504687 0.832646 0.506250 0.830304 0.509375 0.830304 0.510938 0.827961 0.512500 0.827961 0.514063 0.825618 0.517187 0.825618 0.518750 0.823276 0.520312 0.823276 0.521875 0.820933 0.523438 0.820933 0.526563 0.816248 0.528125 0.816248 0.529688 0.813906 0.532812 0.813906 0.540625 0.802193 0.540625 0.799850 0.543750 0.795165 0.543750 0.790480 0.545313 0.788137 0.545313 0.785795 0.546875 0.783452 0.546875 0.778767 0.548437 0.776424 0.548437 0.769397 0.550000 0.767054 0.550000 0.764711 0.551562 0.762369 0.551562 0.760026 0.553125 0.757684 0.553125 0.752998 0.554688 0.750656 0.554688 0.745971 0.557813 0.741286 0.557813 0.736600 0.559375 0.734258 0.559375 0.724888 0.560938 0.722545 0.560938 0.717860 0.564062 0.713175 0.564062 0.710832 0.565625 0.708489 0.565625 0.706147 0.567187 0.703804 0.567187 0.699119 0.568750 0.696777 0.568750 0.694434 0.570312 0.692091 0.570312 0.689749 0.571875 0.687406 0.571875 0.682721 0.573438 0.680379 0.573438 0.673351 0.575000 0.671008 0.575000 0.668666 0.576563 0.666323 0.576563 0.663980 0.578125 0.661638 0.578125 0.659295 0.579687 0.656953 0.579687 0.652268 0.581250 0.649925 0.581250 0.645240 0.582812 0.642897 0.582812 0.640555 0.584375 0.638212 0.584375 0.633527 0.585938 0.631184 0.585938 0.626499 0.587500 0.624157 0.587500 0.619471 0.589063 0.617129 0.589063 0.614786 0.590625 0.612444 0.590625 0.610101 0.592188 0.607759 0.592188 0.605416 0.595312 0.600731 0.595312 0.598388 0.596875 0.596046 0.596875 0.593703 0.600000 0.589018 0.600000 0.586675 0.601562 0.584333 0.601562 0.581990 0.603125 0.579648 0.603125 0.574962 0.604688 0.572620 0.604688 0.567935 0.607813 0.563250 0.607813 0.560907 0.609375 0.558564 0.609375 0.556222 0.612500 0.551537 0.612500 0.549194 0.615625 0.544509 0.615625 0.542166 0.617188 0.539824 0.617188 0.537481 0.620313 0.532796 0.620313 0.530454 0.621875 0.528111 0.621875 0.525768 0.623438 0.523426 0.623438 0.521083 0.628125 0.514055 0.628125 0.511713 0.632812 0.504685 0.632812 0.502343 0.635938 0.497657 0.635938 0.495315 0.639063 0.490630 0.639063 0.488287 0.642187 0.483602 0.642187 0.481259 0.646875 0.474232 0.646875 0.471889 0.648438 0.469546 0.648438 0.467204 0.653125 0.460176 0.653125 0.455491 0.654688 0.453148 0.654688 0.443778 0.653125 0.441436 0.653125 0.439093 0.650000 0.434408 0.650000 0.432065 0.648438 0.429723 0.648438 0.427380 0.645312 0.422695 0.645312 0.420352 0.643750 0.418010 0.642187 0.418010 0.640625 0.415667 0.639063 0.415667 0.637500 0.413325 0.635938 0.413325 0.634375 0.410982 0.632812 0.410982 0.629687 0.406297 0.628125 0.406297 0.626562 0.403954 0.625000 0.403954 0.621875 0.399269 0.614062 0.399269 0.610937 0.394584 0.607813 0.394584 0.606250 0.392241 0.604688 0.392241 0.603125 0.389899 0.603125 0.382871 0.600000 0.382871 0.598437 0.380529 0.590625 0.380529 0.589063 0.378186 0.587500 0.378186 0.585938 0.375843 0.584375 0.375843 0.582812 0.373501 0.581250 0.373501 0.576563 0.366473 0.573438 0.366473 0.571875 0.364130 0.570312 0.364130 0.568750 0.361788 0.567187 0.361788 0.565625 0.359445 0.564062 0.359445 0.557813 0.350075 0.556250 0.350075 0.554688 0.347732 0.553125 0.347732 0.551562 0.345390 0.550000 0.345390 0.548437 0.343047 0.546875 0.343047 0.545313 0.340705 0.539062 0.340705 0.534375 0.333677 0.534375 0.328992 0.535937 0.326649 0.534375 0.324307 0.545313 0.293853 0.546875 0.293853 0.550000 0.289168 0.550000 0.284483 0.553125 0.279798 0.554688 0.282140 0.562500 0.282140 0.564062 0.279798 0.567187 0.284483 0.567187 0.286825 0.568750 0.289168 0.568750 0.296196 0.570312 0.298538 0.571875 0.298538 0.573438 0.296196 0.573438 0.291511 0.575000 0.289168 0.575000 0.279798 0.576563 0.277455 0.576563 0.275112 0.579687 0.270427 0.579687 0.265742 0.581250 0.263400 0.581250 0.258714 0.582812 0.256372 0.587500 0.256372 0.596875 0.270427 0.596875 0.272770 0.595312 0.275112 0.595312 0.279798 0.596875 0.282140 0.596875 0.284483 0.601562 0.284483 0.603125 0.282140 0.603125 0.256372 0.601562 0.254029 0.601562 0.251687 0.600000 0.251687 0.598437 0.249344 0.584375 0.249344 0.579687 0.242316 0.579687 0.239974 0.578125 0.237631 0.578125 0.216548 0.576563 0.214205 0.578125 0.211863 0.578125 0.209520 0.581250 0.204835 0.581250 0.193122 0.582812 0.190780 0.585938 0.190780 0.587500 0.188437 0.590625 0.188437 0.590625 0.183752 0.589063 0.181409 0.589063 0.179067 0.587500 0.176724 0.587500 0.174382 0.584375 0.169696 0.584375 0.167354 0.582812 0.165011 0.581250 0.165011 0.573438 0.153298 0.571875 0.153298 0.570312 0.150956 0.567187 0.150956 0.565625 0.148613 0.557813 0.148613 0.556250 0.150956 0.556250 0.165011 0.557813 0.167354 0.557813 0.172039 0.559375 0.174382 0.559375 0.179067 0.557813 0.181409 0.557813 0.186094 0.556250 0.188437 0.556250 0.190780 0.551562 0.197807 0.551562 0.200150 0.550000 0.202493 0.550000 0.204835 0.545313 0.211863 0.543750 0.211863 0.540625 0.216548 0.540625 0.221233 0.535937 0.228261 0.534375 0.228261 0.532812 0.230603 0.532812 0.237631 0.534375 0.239974 0.532812 0.242316 0.531250 0.242316 0.529688 0.244659 0.428125 0.195465 0.426562 0.195465 0.418750 0.202493 0.417188 0.202493 0.415625 0.200150 0.407813 0.200150 0.406250 0.202493 0.404687 0.202493 0.403125 0.204835 0.351562 0.282140 0.351562 0.296196 0.510938 0.293853 0.509375 0.296196 0.509375 0.303223 0.507812 0.303223 0.507812 0.300881 0.506250 0.298538 0.506250 0.293853 0.507812 0.291511 0.507812 0.289168 0.509375 0.286825 0.514063 0.286825 0.514063 0.289168 0.512500 0.289168 0.510938 0.291511 0.339063 0.314936 0.340625 0.312594 0.340625 0.317279
