14 0.434140 0.176987 0.407350 0.191880 0.381670 0.200800 0.359350 0.211227 0.325860 0.221640 0.300190 0.235040 0.285670 0.248440 0.271160 0.260347 0.256650 0.272253 0.248840 0.296067 0.246600 0.319880 0.261120 0.333267 0.285670 0.340707 0.302420 0.349640 0.323630 0.352627 0.342600 0.352627 0.373860 0.352627 0.395070 0.352627 0.415160 0.343693 0.431910 0.333267 0.450880 0.324347 0.474330 0.310947 0.494420 0.299040 0.513400 0.294573 0.522330 0.273733 0.525670 0.251413 0.511160 0.238013 0.494420 0.232067 0.477670 0.221640
15 0.299160 0.364813 0.308440 0.397920 0.314420 0.389147 0.304550 0.360027
15 0.387920 0.375453 0.387600 0.409920 0.384730 0.421400 0.390080 0.448693 0.388280 0.422840 0.391870 0.412307 0.392630 0.375453
15 0.406940 0.589733 0.392670 0.637707 0.390810 0.671280 0.395150 0.676987 0.416670 0.680387 0.459730 0.688987 0.468350 0.689480 0.464750 0.703373 0.454700 0.716773 0.375360 0.698573 0.374680 0.705773 0.433180 0.720573 0.434600 0.758880 0.438200 0.769880 0.478030 0.794773 0.541610 0.814373 0.542670 0.792867 0.642850 0.790973 0.684480 0.786173 0.682680 0.779973 0.624860 0.789067 0.534040 0.784680 0.525420 0.781373 0.523620 0.766067 0.527220 0.747373 0.461900 0.737787 0.476970 0.719173 0.479520 0.686587 0.447510 0.679387 0.396950 0.668387 0.400170 0.638280 0.409850 0.607093
15 0.517200 0.391253 0.519710 0.418053 0.526170 0.445333 0.541610 0.461613 0.536940 0.451080 0.529370 0.440547 0.527210 0.428107 0.523620 0.414707 0.522580 0.391720
15 0.522320 0.287000 0.531630 0.377160 0.539690 0.377987 0.528520 0.269627 0.522330 0.273733
15 0.540500 0.629147 0.539460 0.653560 0.547350 0.691373 0.547000 0.665520 0.544480 0.654507 0.545200 0.630107
15 0.820290 0.564320 0.815000 0.574587 0.806820 0.584053 0.799490 0.593987 0.792390 0.604080 0.786140 0.606333 0.779770 0.605053 0.768830 0.603920 0.762940 0.601520 0.754640 0.595413 0.752000 0.593507 0.747070 0.589493 0.744060 0.595587 0.744780 0.600080 0.761500 0.602800 0.753800 0.608253 0.752000 0.617707 0.763180 0.606653 0.775920 0.609053 0.784820 0.609853 0.793000 0.609373 0.799850 0.601187 0.806820 0.590787 0.815480 0.580040 0.824500 0.564813
15 0.863810 0.529547 0.858880 0.557440 0.852750 0.587093 0.847820 0.604893 0.846020 0.618347 0.838680 0.637907 0.832670 0.648493 0.819930 0.664360 0.796600 0.684400 0.800450 0.685840 0.826420 0.662600 0.834470 0.652653 0.843850 0.634867 0.849380 0.620920 0.855030 0.593507 0.862490 0.555653 0.865370 0.530827
0 0.990625 0.389583 0.990625 0.435417 0.998438 0.435417 0.998438 0.389583 0.990625 0.389583 0.990625 0.383333 0.998438 0.383333 0.998438 0.220833 0.990625 0.220833 0.990625 0.383333
